1 RQ_d172 0 0.7736802305669732
1 RQ_d59 1 0.725531674787158
1 RQ_d213 2 0.7118098844615711
1 RQ_d1 3 0.7079262500824408
1 RQ_d3 4 0.6974826663821555
1 RQ_d119 5 0.695155940710031
1 RQ_d35 6 0.6585851740369149
1 RQ_d198 7 0.6446693032530185
1 RQ_d52 8 0.6292526724406249
1 RQ_d6 9 0.6110634296634327
1 RQ_d8 10 0.6110296593763918
1 RQ_d9 11 0.609771792947074
1 RQ_d60 12 0.6089406676407557
1 RQ_d4 13 0.6085524477743981
1 RQ_d62 14 0.6076163227772691
1 RQ_d7 15 0.6073066835434316
1 RQ_d51 16 0.6031927743074468
1 RQ_d63 17 0.6024136163753916
1 RQ_d259 18 0.6015442929958748
1 RQ_d171 19 0.5878701660694041
1 RQ_d2 20 0.5705349054871198
1 RQ_d280 21 0.5621117863683938
1 RQ_d25 22 0.55424324549866
1 RQ_d5 23 0.5421300231841428
1 RQ_d247 24 0.5371116618677643
1 RQ_d242 25 0.49847540169067167
1 RQ_d250 26 0.45261349381080673
1 RQ_d201 27 0.448801656663282
1 RQ_d80 28 0.35216457659645173
10 RQ_d58 0 0.7365943868246031
10 RQ_d20 1 0.6499215502189065
10 RQ_d23 2 0.607863272366898
10 RQ_d46 3 0.6051568848540834
10 RQ_d24 4 0.5967586979484899
10 RQ_d186 5 0.566245781052413
10 RQ_d79 6 0.5127603832745836
10 RQ_d48 7 0.5106202733336853
10 RQ_d199 8 0.508521467130575
10 RQ_d12 9 0.5062704097770488
10 RQ_d16 10 0.5050773029982363
10 RQ_d14 11 0.499745432131658
10 RQ_d311 12 0.49824597693776057
10 RQ_d21 13 0.49386754539332745
10 RQ_d18 14 0.49247250626467143
10 RQ_d13 15 0.4902873376767105
10 RQ_d10 16 0.489699322654793
10 RQ_d32 17 0.48867840854374406
10 RQ_d56 18 0.48820620805378434
10 RQ_d11 19 0.4873868862683662
10 RQ_d17 20 0.48285303526111595
10 RQ_d33 21 0.4753744275781687
10 RQ_d31 22 0.4707210292494165
10 RQ_d22 23 0.4706515971711268
10 RQ_d78 24 0.46951927152871314
10 RQ_d47 25 0.46928029596725934
10 RQ_d269 26 0.43747182968198695
10 RQ_d19 27 0.4022541676005064
10 RQ_d268 28 0.3312889929605527
10 RQ_d55 29 0.31500288804341825
10 RQ_d15 30 0.27317866157278947
11 RQ_d66 0 0.8389840094436414
11 RQ_d81 1 0.7429956340563661
11 RQ_d58 2 0.7365943868246031
11 RQ_d1 3 0.7079262500824408
11 RQ_d3 4 0.6974826663821555
11 RQ_d86 5 0.6788403121722489
11 RQ_d20 6 0.6499214763091471
11 RQ_d88 7 0.6369972114921537
11 RQ_d139 8 0.6250598228867047
11 RQ_d42 9 0.6241681480328053
11 RQ_d43 10 0.6120818913779433
11 RQ_d6 11 0.6110634296634327
11 RQ_d8 12 0.6110296963312715
11 RQ_d9 13 0.609771792947074
11 RQ_d4 14 0.6085524477743981
11 RQ_d7 15 0.6073066835434316
11 RQ_d87 16 0.6072668464885095
11 RQ_d46 17 0.6051567370345644
11 RQ_d84 18 0.6049986569596665
11 RQ_d40 19 0.6044327481113049
11 RQ_d63 20 0.6024135424656322
11 RQ_d82 21 0.6006992172609878
11 RQ_d37 22 0.5971809686245659
11 RQ_d24 23 0.5967586979484899
11 RQ_d203 24 0.5967540751776189
11 RQ_d76 25 0.5947512523551416
11 RQ_d154 26 0.5797959131680236
11 RQ_d39 27 0.5752958258992034
11 RQ_d2 28 0.5704265814958212
11 RQ_d72 29 0.5699119919179285
11 RQ_d5 30 0.542122595253311
11 RQ_d83 31 0.5268125528791465
11 RQ_d79 32 0.5127603093648241
11 RQ_d48 33 0.5106202733336853
11 RQ_d12 34 0.5062704467319286
11 RQ_d16 35 0.5050772660433565
11 RQ_d14 36 0.4997453582218985
11 RQ_d311 37 0.49824601389264034
11 RQ_d19 38 0.49735943536364424
11 RQ_d21 39 0.4938642748864686
11 RQ_d18 40 0.49247235844515236
11 RQ_d85 41 0.4904491565840331
11 RQ_d13 42 0.49028744854134987
11 RQ_d10 43 0.4896992856999133
11 RQ_d32 44 0.4886785378858232
11 RQ_d56 45 0.48820617109890463
11 RQ_d11 46 0.4873868493134864
11 RQ_d17 47 0.482853183080635
11 RQ_d33 48 0.47538440539570415
11 RQ_d22 49 0.47098626056224013
11 RQ_d31 50 0.47072106620429627
11 RQ_d78 51 0.46951927152871314
11 RQ_d47 52 0.4692802590123796
11 RQ_d211 53 0.43959204816072633
11 RQ_d210 54 0.4385337638904784
11 RQ_d269 55 0.4075774014288131
11 RQ_d273 56 0.4055278380137788
11 RQ_d41 57 0.39824458532075613
11 RQ_d80 58 0.3520806012515554
11 RQ_d268 59 0.3313002942247195
11 RQ_d55 60 0.3151957186060098
11 RQ_d274 61 0.31019656321856864
11 RQ_d74 62 0.29927580678285354
11 RQ_d15 63 0.27398342798933917
11 RQ_d205 64 0.2639414585140808
12 RQ_d91 0 0.7756705150284627
12 RQ_d90 1 0.7174553931971082
12 RQ_d35 2 0.6585861902961082
12 RQ_d38 3 0.6094360518080619
12 RQ_d87 4 0.6072668095336298
12 RQ_d259 5 0.6015442190861152
12 RQ_d37 6 0.5971809316696862
12 RQ_d260 7 0.5956604523997442
12 RQ_d36 8 0.5856146296843394
12 RQ_d70 9 0.5764339793682217
12 RQ_d44 10 0.5704132300693708
12 RQ_d34 11 0.565710932443843
12 RQ_d241 12 0.5433319197855577
12 RQ_d240 13 0.4723830258198255
12 RQ_d239 14 0.43714372546060554
12 RQ_d64 15 0.3541907829732764
12 RQ_d89 16 0.3528258707768118
12 RQ_d45 17 0.3528068713492549
13 RQ_d66 0 0.8389838616241223
13 RQ_d81 1 0.7430036163103944
13 RQ_d58 2 0.7365944237794829
13 RQ_d1 3 0.7079262500824408
13 RQ_d3 4 0.6974826663821555
13 RQ_d86 5 0.6788494954598695
13 RQ_d20 6 0.6499214763091471
13 RQ_d88 7 0.6370089816213576
13 RQ_d139 8 0.6250597859318249
13 RQ_d42 9 0.6241686838785617
13 RQ_d43 10 0.6120818913779433
13 RQ_d6 11 0.6110634296634327
13 RQ_d8 12 0.6110296963312715
13 RQ_d9 13 0.609771792947074
13 RQ_d4 14 0.6085524477743981
13 RQ_d68 15 0.6073127438744523
13 RQ_d7 16 0.6073066835434316
13 RQ_d87 17 0.6072668095336298
13 RQ_d69 18 0.6068302693476808
13 RQ_d46 19 0.6051567739894441
13 RQ_d84 20 0.6049986569596665
13 RQ_d40 21 0.6044326742015453
13 RQ_d63 22 0.6024134685558726
13 RQ_d82 23 0.6006992542158677
13 RQ_d37 24 0.5971810794892052
13 RQ_d203 25 0.5967542969068975
13 RQ_d76 26 0.5947440461535882
13 RQ_d36 27 0.5856145557745799
13 RQ_d154 28 0.5797960240326628
13 RQ_d39 29 0.5753013506537277
13 RQ_d2 30 0.5705564594207403
13 RQ_d44 31 0.5703449928838926
13 RQ_d72 32 0.569920713269552
13 RQ_d34 33 0.5657126508457517
13 RQ_d280 34 0.5620760325222253
13 RQ_d248 35 0.557441052113065
13 RQ_d5 36 0.5421290623572691
13 RQ_d83 37 0.5267484915950812
13 RQ_d79 38 0.5127602354550646
13 RQ_d12 39 0.5062703358672893
13 RQ_d16 40 0.5050772660433565
13 RQ_d14 41 0.4997453951767782
13 RQ_d311 42 0.498245441092004
13 RQ_d19 43 0.4973635927876173
13 RQ_d21 44 0.4938648846419847
13 RQ_d18 45 0.49247235844515236
13 RQ_d85 46 0.49028821808267503
13 RQ_d13 47 0.4902873376767105
13 RQ_d10 48 0.48969917483527403
13 RQ_d32 49 0.4886785378858232
13 RQ_d56 50 0.48820617109890463
13 RQ_d11 51 0.4873868493134864
13 RQ_d17 52 0.4828532200355148
13 RQ_d251 53 0.478317084510828
13 RQ_d33 54 0.47537477864952643
13 RQ_d22 55 0.47076604643374587
13 RQ_d31 56 0.47072106620429627
13 RQ_d78 57 0.46951927152871314
13 RQ_d47 58 0.4692801111928605
13 RQ_d102 59 0.46507514970444386
13 RQ_d250 60 0.4526105743753056
13 RQ_d211 61 0.43947623156755616
13 RQ_d210 62 0.4385548466493819
13 RQ_d269 63 0.407599038510913
13 RQ_d273 64 0.405628817222725
13 RQ_d41 65 0.39828820131759374
13 RQ_d64 66 0.35418107769797924
13 RQ_d45 67 0.35282839756671547
13 RQ_d89 68 0.3528240137941039
13 RQ_d80 69 0.3520621422891149
13 RQ_d268 70 0.3312971669180198
13 RQ_d55 71 0.31494850893785037
13 RQ_d274 72 0.31013095906827337
13 RQ_d98 73 0.30405610383325715
13 RQ_d74 74 0.29926995636345144
13 RQ_d15 75 0.269892060863828
13 RQ_d205 76 0.2639421791342361
14 RQ_d66 0 0.8389840094436414
14 RQ_d91 1 0.775670330254064
14 RQ_d81 2 0.7430053162348634
14 RQ_d90 3 0.7174553562422283
14 RQ_d86 4 0.6788439891827851
14 RQ_d35 5 0.6585860239991493
14 RQ_d88 6 0.6370035677314725
14 RQ_d139 7 0.6250598228867047
14 RQ_d42 8 0.6241740238586871
14 RQ_d43 9 0.6120818913779433
14 RQ_d38 10 0.6094361257178215
14 RQ_d7 11 0.6073067204983115
14 RQ_d87 12 0.6072668095336298
14 RQ_d105 13 0.6052993498874206
14 RQ_d40 14 0.6044327481113049
14 RQ_d260 15 0.6019007642607823
14 RQ_d259 16 0.6013235430216239
14 RQ_d82 17 0.6006992542158677
14 RQ_d37 18 0.5971803403916099
14 RQ_d36 19 0.5856145927294597
14 RQ_d70 20 0.5764533806800961
14 RQ_d39 21 0.5752977475529509
14 RQ_d44 22 0.5704068368751722
14 RQ_d34 23 0.5656896279556608
14 RQ_d280 24 0.5620412579803704
14 RQ_d248 25 0.5574407749514668
14 RQ_d241 26 0.5433323205150351
14 RQ_d83 27 0.5267950362661399
14 RQ_d12 28 0.5062693750404155
14 RQ_d311 29 0.4982454780468838
14 RQ_d85 30 0.4903817878382292
14 RQ_d32 31 0.4886784454986238
14 RQ_d11 32 0.48738681235860665
14 RQ_d17 33 0.4828531091708755
14 RQ_d251 34 0.4785631855325946
14 RQ_d240 35 0.4723636245079511
14 RQ_d31 36 0.4707211401140558
14 RQ_d102 37 0.4650661511912221
14 RQ_d250 38 0.45260771037212416
14 RQ_d239 39 0.43712295681818
14 RQ_d207 40 0.4091369528260663
14 RQ_d19 41 0.4023233101805388
14 RQ_d41 42 0.39825346373061865
14 RQ_d64 43 0.35418396017860054
14 RQ_d89 44 0.3528266560680068
14 RQ_d45 45 0.352816119307915
14 RQ_d80 46 0.3521237183575162
14 RQ_d98 47 0.3040560333880176
15 RQ_d29 0 0.840427616136094
15 RQ_d179 1 0.8395882734261555
15 RQ_d58 2 0.7365944607343627
15 RQ_d191 3 0.7050464705070071
15 RQ_d312 4 0.6949303744073163
15 RQ_d20 5 0.6499215502189065
15 RQ_d38 6 0.6094360887629416
15 RQ_d23 7 0.6078632354120181
15 RQ_d46 8 0.6051567000796846
15 RQ_d202 9 0.6041040878877856
15 RQ_d181 10 0.5983245180284232
15 RQ_d24 11 0.5967586979484899
15 RQ_d221 12 0.568789947435199
15 RQ_d180 13 0.565223442681582
15 RQ_d25 14 0.5542452272040872
15 RQ_d79 15 0.5127603093648241
15 RQ_d48 16 0.5106202733336853
15 RQ_d12 17 0.5062695598148144
15 RQ_d16 18 0.5050773029982363
15 RQ_d107 19 0.5013851980303223
15 RQ_d14 20 0.4997453951767782
15 RQ_d311 21 0.4982453671822445
15 RQ_d19 22 0.49735943536364424
15 RQ_d195 23 0.4972762736566027
15 RQ_d21 24 0.49386673238597273
15 RQ_d18 25 0.4924723954000321
15 RQ_d13 26 0.49028744854134987
15 RQ_d10 27 0.4896992856999133
15 RQ_d32 28 0.4886785378858232
15 RQ_d56 29 0.48820620805378434
15 RQ_d11 30 0.4873868862683662
15 RQ_d17 31 0.4828532200355148
15 RQ_d33 32 0.4753727461311396
15 RQ_d22 33 0.470872125416099
15 RQ_d31 34 0.47072106620429627
15 RQ_d78 35 0.46951927152871314
15 RQ_d47 36 0.4692801111928605
15 RQ_d128 37 0.4088317471651014
15 RQ_d55 38 0.3152515019970087
15 RQ_d15 39 0.27290929745421344
16 RQ_d172 0 0.7736775698156304
16 RQ_d174 1 0.7585791813260322
16 RQ_d59 2 0.725531674787158
16 RQ_d213 3 0.7118213035194172
16 RQ_d1 4 0.7079262500824408
16 RQ_d191 5 0.7050151512464099
16 RQ_d3 6 0.6974826663821555
16 RQ_d119 7 0.6951597840175259
16 RQ_d35 8 0.6585850077399559
16 RQ_d20 9 0.649921624128666
16 RQ_d198 10 0.6446693032530185
16 RQ_d75 11 0.6359519249526936
16 RQ_d52 12 0.6292527093955046
16 RQ_d6 13 0.6110634296634327
16 RQ_d8 14 0.6110296963312715
16 RQ_d9 15 0.609771792947074
16 RQ_d50 16 0.6094748447514909
16 RQ_d38 17 0.6094360518080619
16 RQ_d60 18 0.6089406306858759
16 RQ_d61 19 0.6085962609266462
16 RQ_d4 20 0.6085524108195183
16 RQ_d23 21 0.6078631984571383
16 RQ_d62 22 0.6076168586230256
16 RQ_d7 23 0.6073066835434316
16 RQ_d69 24 0.6068302693476808
16 RQ_d105 25 0.6052993498874206
16 RQ_d46 26 0.6051568478992037
16 RQ_d51 27 0.6031928482172064
16 RQ_d63 28 0.6024135794205119
16 RQ_d259 29 0.6013236169313835
16 RQ_d24 30 0.5967586979484899
16 RQ_d171 31 0.5878632185520091
16 RQ_d36 32 0.5856145927294597
16 RQ_d70 33 0.5764343673944592
16 RQ_d189 34 0.57419824931406
16 RQ_d2 35 0.5705208995876906
16 RQ_d44 36 0.5703689026910979
16 RQ_d34 37 0.5657059989673948
16 RQ_d280 38 0.5638668290405511
16 RQ_d248 39 0.557447242055425
16 RQ_d25 40 0.5542412591738728
16 RQ_d170 41 0.5472259270561467
16 RQ_d5 42 0.5421388369229658
16 RQ_d247 43 0.5371116618677643
16 RQ_d188 44 0.5192580268918102
16 RQ_d79 45 0.5127603832745836
16 RQ_d48 46 0.5106202733336853
16 RQ_d147 47 0.5081127135714224
16 RQ_d134 48 0.5074429927941858
16 RQ_d257 49 0.5054678809205019
16 RQ_d266 50 0.5001736520578972
16 RQ_d242 51 0.4984767228276231
16 RQ_d115 52 0.49559596114699833
16 RQ_d192 53 0.4940809563143515
16 RQ_d18 54 0.49247235844515236
16 RQ_d56 55 0.48820620805378434
16 RQ_d161 56 0.4857118783675393
16 RQ_d22 57 0.4708259687712779
16 RQ_d47 58 0.4692801481477403
16 RQ_d250 59 0.4526188430296521
16 RQ_d201 60 0.4487513795493675
16 RQ_d229 61 0.42551193125064224
16 RQ_d49 62 0.42299916154673967
16 RQ_d236 63 0.3894596054663422
16 RQ_d99 64 0.36734425028549506
16 RQ_d286 65 0.3560413234092661
16 RQ_d64 66 0.35418264828036905
16 RQ_d80 67 0.3521015916232595
16 RQ_d118 68 0.3148881352292771
17 RQ_d172 0 0.7736786784620231
17 RQ_d59 1 0.725531674787158
17 RQ_d213 2 0.7117733915178074
17 RQ_d1 3 0.7079262500824408
17 RQ_d3 4 0.6974826663821555
17 RQ_d119 5 0.6951628512725461
17 RQ_d35 6 0.6585852294692345
17 RQ_d198 7 0.6446693032530185
17 RQ_d52 8 0.6292524691887862
17 RQ_d6 9 0.6110634296634327
17 RQ_d8 10 0.6110296963312715
17 RQ_d9 11 0.609771792947074
17 RQ_d60 12 0.6089406306858759
17 RQ_d4 13 0.6085524477743981
17 RQ_d62 14 0.6076168586230256
17 RQ_d7 15 0.6073066835434316
17 RQ_d51 16 0.6031927743074468
17 RQ_d63 17 0.6024135055107523
17 RQ_d259 18 0.6015442929958748
17 RQ_d171 19 0.5878688726486124
17 RQ_d2 20 0.5704650515256521
17 RQ_d280 21 0.5635983148842095
17 RQ_d25 22 0.5542433147890595
17 RQ_d5 23 0.5421749972728117
17 RQ_d247 24 0.5371116618677643
17 RQ_d242 25 0.49847492820627476
17 RQ_d250 26 0.4526212820517163
17 RQ_d201 27 0.44881796762333637
17 RQ_d80 28 0.35207898909492585
18 RQ_d29 0 0.8404275422263345
18 RQ_d254 1 0.8350735990257808
18 RQ_d26 2 0.747832112450639
18 RQ_d53 3 0.7402006190860586
18 RQ_d28 4 0.7329533574161166
18 RQ_d213 5 0.711798465403725
18 RQ_d27 6 0.6235411767368659
18 RQ_d204 7 0.6179411996560031
18 RQ_d43 8 0.6120817066035446
18 RQ_d259 9 0.6013235060667441
18 RQ_d2 10 0.5704672595797178
18 RQ_d25 11 0.5542464790506391
18 RQ_d241 12 0.5433317078724191
18 RQ_d185 13 0.5239996098129847
18 RQ_d30 14 0.4927444571041302
18 RQ_d54 15 0.47192299170177765
18 RQ_d102 16 0.4650629361166829
18 RQ_d97 17 0.45567716599647756
18 RQ_d128 18 0.40882946520127617
18 RQ_d99 19 0.36733227459477263
18 RQ_d96 20 0.3627342642454346
18 RQ_d103 21 0.3464536147855951
18 RQ_d101 22 0.3416659318633751
18 RQ_d95 23 0.3301848075126383
18 RQ_d98 24 0.304055975646018
19 RQ_d174 0 0.7585738598233467
19 RQ_d58 1 0.7365944237794829
19 RQ_d20 2 0.6499214763091471
19 RQ_d42 3 0.6241706240097492
19 RQ_d27 4 0.6235411952143058
19 RQ_d6 5 0.6110634296634327
19 RQ_d9 6 0.609771792947074
19 RQ_d38 7 0.6094360887629416
19 RQ_d23 8 0.6078632354120181
19 RQ_d7 9 0.6073066835434316
19 RQ_d69 10 0.6068302693476808
19 RQ_d272 11 0.6067106488614465
19 RQ_d46 12 0.6051567739894441
19 RQ_d24 13 0.5967586979484899
19 RQ_d76 14 0.5947474090476464
19 RQ_d36 15 0.5856145188197002
19 RQ_d72 16 0.5698838692544306
19 RQ_d138 17 0.5657308172436374
19 RQ_d34 18 0.565710932443843
19 RQ_d79 19 0.5127603093648241
19 RQ_d48 20 0.5106202733336853
19 RQ_d12 21 0.5062700402282512
19 RQ_d16 22 0.505077339953116
19 RQ_d14 23 0.49974532126701876
19 RQ_d19 24 0.4967499385317503
19 RQ_d206 25 0.4950026966286184
19 RQ_d21 26 0.4938643118413484
19 RQ_d18 27 0.4924723954000321
19 RQ_d13 28 0.49028741158647005
19 RQ_d10 29 0.4896992856999133
19 RQ_d32 30 0.48867840854374406
19 RQ_d56 31 0.48820617109890463
19 RQ_d11 32 0.4873868862683662
19 RQ_d17 33 0.4828529983062362
19 RQ_d33 34 0.47537705137463176
19 RQ_d22 35 0.4709157321742167
19 RQ_d31 36 0.4707211401140558
19 RQ_d78 37 0.46951927152871314
19 RQ_d47 38 0.4692802220574998
19 RQ_d284 39 0.4602493083247863
19 RQ_d95 40 0.3301723260019991
19 RQ_d55 41 0.31493411501218355
19 RQ_d15 42 0.27340639601931505
2 RQ_d174 0 0.7585767607814078
2 RQ_d183 1 0.7515079645222936
2 RQ_d26 2 0.7478317613792813
2 RQ_d53 3 0.7402006560409383
2 RQ_d59 4 0.725531674787158
2 RQ_d213 5 0.7118385429708256
2 RQ_d255 6 0.711726580485187
2 RQ_d1 7 0.7079262500824408
2 RQ_d191 8 0.7050462857326083
2 RQ_d3 9 0.6974826663821555
2 RQ_d119 10 0.695163183866464
2 RQ_d20 11 0.6499218089030648
2 RQ_d198 12 0.6446693032530185
2 RQ_d75 13 0.6359519988624531
2 RQ_d124 14 0.6329878759836611
2 RQ_d52 15 0.6292526724406249
2 RQ_d43 16 0.6120817805133041
2 RQ_d6 17 0.6110634296634327
2 RQ_d8 18 0.6110296963312715
2 RQ_d9 19 0.609771792947074
2 RQ_d50 20 0.609474659977092
2 RQ_d38 21 0.6094360887629416
2 RQ_d60 22 0.6089406306858759
2 RQ_d61 23 0.608596297881526
2 RQ_d4 24 0.6085524477743981
2 RQ_d23 25 0.6078633462766574
2 RQ_d62 26 0.6076168216681458
2 RQ_d7 27 0.6073066835434316
2 RQ_d69 28 0.6068302693476808
2 RQ_d272 29 0.6066720679669764
2 RQ_d105 30 0.6052993129325409
2 RQ_d46 31 0.6051568478992037
2 RQ_d285 32 0.6042291586332134
2 RQ_d202 33 0.6041294851289012
2 RQ_d51 34 0.6031928112623266
2 RQ_d63 35 0.6024135055107523
2 RQ_d259 36 0.6013235430216239
2 RQ_d24 37 0.5967586979484899
2 RQ_d36 38 0.5856145557745799
2 RQ_d70 39 0.5764383400440335
2 RQ_d189 40 0.57419826317214
2 RQ_d2 41 0.5704360142288801
2 RQ_d44 42 0.5703727829534727
2 RQ_d34 43 0.565692233274684
2 RQ_d280 44 0.5620761433868645
2 RQ_d248 45 0.5574421238045781
2 RQ_d77 46 0.5562476063503505
2 RQ_d168 47 0.5559100163507946
2 RQ_d25 48 0.5542456106109647
2 RQ_d170 49 0.5472234787953626
2 RQ_d5 50 0.5420967453149184
2 RQ_d247 51 0.5371116618677643
2 RQ_d117 52 0.532999306218946
2 RQ_d234 53 0.5318561226262775
2 RQ_d188 54 0.5192411569891995
2 RQ_d79 55 0.5127603463197039
2 RQ_d48 56 0.5106202733336853
2 RQ_d147 57 0.5081173664217523
2 RQ_d134 58 0.5074429927941858
2 RQ_d12 59 0.5062703358672893
2 RQ_d257 60 0.5054677331009828
2 RQ_d266 61 0.5001745020201317
2 RQ_d162 62 0.49893613701417605
2 RQ_d242 63 0.49847475036091593
2 RQ_d19 64 0.49734779457651956
2 RQ_d115 65 0.495085840606141
2 RQ_d192 66 0.49408091935947174
2 RQ_d30 67 0.4927524670743183
2 RQ_d18 68 0.49247246930979166
2 RQ_d56 69 0.48820620805378434
2 RQ_d161 70 0.48571082515346614
2 RQ_d54 71 0.4719242256483096
2 RQ_d22 72 0.47098984518557685
2 RQ_d47 73 0.46928029596725934
2 RQ_d151 74 0.4682431146226012
2 RQ_d201 75 0.4488056154547764
2 RQ_d287 76 0.44616302361926374
2 RQ_d150 77 0.4404356847022987
2 RQ_d229 78 0.4255140330594287
2 RQ_d49 79 0.4229990508264554
2 RQ_d220 80 0.4148528099500771
2 RQ_d207 81 0.4091269472923711
2 RQ_d193 82 0.3935005631508449
2 RQ_d236 83 0.38945918019651493
2 RQ_d196 84 0.38850039823994525
2 RQ_d279 85 0.3834904072537959
2 RQ_d99 86 0.3673540802835114
2 RQ_d286 87 0.3560466241248317
2 RQ_d64 88 0.3541839417011607
2 RQ_d125 89 0.3354466770018689
2 RQ_d118 90 0.314887834970879
2 RQ_d149 91 0.3034920233925754
20 RQ_d29 0 0.840427763955613
20 RQ_d179 1 0.8394497665368121
20 RQ_d58 2 0.7365944237794829
20 RQ_d191 3 0.7050380263169819
20 RQ_d312 4 0.6949303744073163
20 RQ_d20 5 0.6499214763091471
20 RQ_d38 6 0.6094360887629416
20 RQ_d23 7 0.607863272366898
20 RQ_d46 8 0.6051567370345644
20 RQ_d202 9 0.6041021847114779
20 RQ_d181 10 0.598345249715969
20 RQ_d24 11 0.5967586979484899
20 RQ_d221 12 0.5687936798780546
20 RQ_d180 13 0.5652280158479525
20 RQ_d25 14 0.5542442386610535
20 RQ_d79 15 0.5127603832745836
20 RQ_d48 16 0.5106202733336853
20 RQ_d12 17 0.5062704467319286
20 RQ_d16 18 0.5050773029982363
20 RQ_d107 19 0.5013924411867554
20 RQ_d14 20 0.4997453582218985
20 RQ_d311 21 0.49824605084752005
20 RQ_d19 22 0.4973595462282835
20 RQ_d195 23 0.4972762736566027
20 RQ_d21 24 0.49386771169028637
20 RQ_d18 25 0.49247235844515236
20 RQ_d13 26 0.4902873376767105
20 RQ_d10 27 0.48969921179015374
20 RQ_d32 28 0.4886784454986238
20 RQ_d56 29 0.48820617109890463
20 RQ_d11 30 0.4873868862683662
20 RQ_d17 31 0.48285303526111595
20 RQ_d33 32 0.47535757615299784
20 RQ_d22 33 0.47087480464488174
20 RQ_d31 34 0.47072106620429627
20 RQ_d78 35 0.46951927152871314
20 RQ_d47 36 0.46928029596725934
20 RQ_d128 37 0.4088383251336988
20 RQ_d55 38 0.3151804747181085
20 RQ_d15 39 0.2739219443081372
21 RQ_d172 0 0.7736786599845833
21 RQ_d174 1 0.7585770564204459
21 RQ_d59 2 0.725531674787158
21 RQ_d213 3 0.7117964328853382
21 RQ_d1 4 0.7079262500824408
21 RQ_d191 5 0.705015446885448
21 RQ_d3 6 0.6974826663821555
21 RQ_d119 7 0.6951723301992048
21 RQ_d35 8 0.658585303378994
21 RQ_d20 9 0.6499233055756951
21 RQ_d198 10 0.6446693032530185
21 RQ_d75 11 0.6359520358173328
21 RQ_d52 12 0.629252653963185
21 RQ_d6 13 0.6110634296634327
21 RQ_d8 14 0.6110296963312715
21 RQ_d9 15 0.609771792947074
21 RQ_d50 16 0.6094746969319719
21 RQ_d38 17 0.6094360887629416
21 RQ_d60 18 0.6089406306858759
21 RQ_d61 19 0.608596297881526
21 RQ_d4 20 0.6085524477743981
21 RQ_d23 21 0.6078633462766574
21 RQ_d62 22 0.6076167477583864
21 RQ_d7 23 0.6073066835434316
21 RQ_d69 24 0.6068302693476808
21 RQ_d105 25 0.6052993498874206
21 RQ_d46 26 0.6051569218089632
21 RQ_d51 27 0.6031926264879277
21 RQ_d63 28 0.6024135794205119
21 RQ_d259 29 0.6015442929958748
21 RQ_d24 30 0.5967586979484899
21 RQ_d171 31 0.5878656945289531
21 RQ_d36 32 0.5856145188197002
21 RQ_d70 33 0.5764410007953763
21 RQ_d189 34 0.5742063124068878
21 RQ_d2 35 0.5704992347894308
21 RQ_d44 36 0.5703862899620252
21 RQ_d34 37 0.5656876693470335
21 RQ_d280 38 0.5621006444721459
21 RQ_d248 39 0.5574407749514668
21 RQ_d25 40 0.5542466453475979
21 RQ_d170 41 0.5472234787953626
21 RQ_d5 42 0.5421937518742903
21 RQ_d247 43 0.5371116618677643
21 RQ_d188 44 0.5192605028687542
21 RQ_d79 45 0.5127602354550646
21 RQ_d48 46 0.5106202733336853
21 RQ_d147 47 0.5081159067040018
21 RQ_d134 48 0.5074429558393061
21 RQ_d257 49 0.5054582449356043
21 RQ_d266 50 0.5001755921890846
21 RQ_d242 51 0.4984755287230709
21 RQ_d115 52 0.49508428850119107
21 RQ_d192 53 0.4940809008820319
21 RQ_d18 54 0.4924723214902726
21 RQ_d56 55 0.48820620805378434
21 RQ_d161 56 0.485711453386422
21 RQ_d22 57 0.47090776839762827
21 RQ_d47 58 0.4692802220574998
21 RQ_d250 59 0.4526189169394116
21 RQ_d201 60 0.4488366714118553
21 RQ_d229 61 0.42551480449254364
21 RQ_d49 62 0.4229992921880138
21 RQ_d236 63 0.3894591830836149
21 RQ_d99 64 0.3673541218577512
21 RQ_d286 65 0.3560394294716783
21 RQ_d64 66 0.35418852872561096
21 RQ_d80 67 0.3520687525932321
21 RQ_d118 68 0.3148895268114681
22 RQ_d172 0 0.7736742069215721
22 RQ_d59 1 0.725531674787158
22 RQ_d213 2 0.7118238164512409
22 RQ_d1 3 0.7079262500824408
22 RQ_d3 4 0.6974826663821555
22 RQ_d119 5 0.6951608926639188
22 RQ_d35 6 0.6585850077399559
22 RQ_d198 7 0.6446693032530185
22 RQ_d52 8 0.6292522844143874
22 RQ_d6 9 0.6110634296634327
22 RQ_d8 10 0.6110296963312715
22 RQ_d9 11 0.609771792947074
22 RQ_d50 12 0.6094748817063707
22 RQ_d60 13 0.6089406306858759
22 RQ_d61 14 0.6085962609266462
22 RQ_d4 15 0.6085524477743981
22 RQ_d62 16 0.6076167847132661
22 RQ_d7 17 0.6073066835434316
22 RQ_d51 18 0.6031928112623266
22 RQ_d63 19 0.6024135424656322
22 RQ_d259 20 0.601323690841143
22 RQ_d2 21 0.5705319121418593
22 RQ_d280 22 0.562042551401162
22 RQ_d25 23 0.5542453103525666
22 RQ_d5 24 0.5421602522757871
22 RQ_d247 25 0.5371116618677643
22 RQ_d242 26 0.4984790163398483
22 RQ_d115 27 0.4955859325165033
22 RQ_d250 28 0.4526069343196492
22 RQ_d201 29 0.44878292515860324
22 RQ_d49 30 0.4229989958993782
22 RQ_d80 31 0.3520769196216592
23 RQ_d91 0 0.775670330254064
23 RQ_d90 1 0.7174553931971082
23 RQ_d35 2 0.6585858022698707
23 RQ_d38 3 0.6094360518080619
23 RQ_d87 4 0.6072668464885095
23 RQ_d260 5 0.6018947590928212
23 RQ_d259 6 0.6015442929958748
23 RQ_d37 7 0.5971855695070961
23 RQ_d36 8 0.5856145927294597
23 RQ_d70 9 0.5761694193840146
23 RQ_d44 10 0.5703757578212935
23 RQ_d34 11 0.565687133501277
23 RQ_d241 12 0.5433319980259672
23 RQ_d240 13 0.4723761706896299
23 RQ_d239 14 0.4371446955261992
23 RQ_d64 15 0.35418930015872596
23 RQ_d45 16 0.3528233393675483
23 RQ_d89 17 0.35281841974918016
24 RQ_d66 0 0.8389841203082806
24 RQ_d81 1 0.7429996436608202
24 RQ_d20 2 0.6499216610835458
24 RQ_d67 3 0.636876966217105
24 RQ_d42 4 0.6241726750055759
24 RQ_d43 5 0.6120818913779433
24 RQ_d68 6 0.6073127438744523
24 RQ_d87 7 0.6072668464885095
24 RQ_d69 8 0.6068302693476808
24 RQ_d46 9 0.6051567370345644
24 RQ_d84 10 0.6049986569596665
24 RQ_d40 11 0.6044327481113049
24 RQ_d82 12 0.6006992172609878
24 RQ_d39 13 0.5753041777020294
24 RQ_d83 14 0.526794869969181
24 RQ_d142 15 0.5165046531127153
24 RQ_d65 16 0.5063279832988014
24 RQ_d153 17 0.49731305515760993
24 RQ_d21 18 0.49386907902083754
24 RQ_d194 19 0.46618959051099484
24 RQ_d41 20 0.3982502117011997
24 RQ_d80 21 0.35209842274232006
24 RQ_d101 22 0.34166593272950513
25 RQ_d178 0 0.8097894956858216
25 RQ_d191 1 0.7049955097278171
25 RQ_d75 2 0.6359520358173328
25 RQ_d204 3 0.6179535610632831
25 RQ_d272 4 0.6066313067346003
25 RQ_d264 5 0.6048292394707889
25 RQ_d202 6 0.6040321644530513
25 RQ_d190 7 0.6022015263901758
25 RQ_d270 8 0.6003697649093825
25 RQ_d203 9 0.5967542599520177
25 RQ_d76 10 0.5947545782943201
25 RQ_d70 11 0.5761940867662548
25 RQ_d189 12 0.5742010509558819
25 RQ_d262 13 0.5739325088109297
25 RQ_d73 14 0.5712086796266487
25 RQ_d72 15 0.569902642333349
25 RQ_d265 16 0.5639951647422043
25 RQ_d77 17 0.556246756388116
25 RQ_d208 18 0.5423775291749658
25 RQ_d188 19 0.5192628864584988
25 RQ_d155 20 0.5099243521597704
25 RQ_d266 21 0.5001700489571205
25 RQ_d311 22 0.49824605084752005
25 RQ_d206 23 0.4950206197453023
25 RQ_d18 24 0.4924724323549119
25 RQ_d263 25 0.4817000900265074
25 RQ_d271 26 0.4468822604290617
25 RQ_d211 27 0.43953802012651616
25 RQ_d210 28 0.43857042313120104
25 RQ_d269 29 0.43749219182073507
25 RQ_d207 30 0.4091442329373791
25 RQ_d273 31 0.4055265261155473
25 RQ_d277 32 0.40284364476153756
25 RQ_d267 33 0.3724722443539414
25 RQ_d209 34 0.35194369010815685
25 RQ_d268 35 0.34187465359697766
25 RQ_d116 36 0.3391263579087007
25 RQ_d274 37 0.3101973023161638
25 RQ_d74 38 0.29928033260078424
25 RQ_d205 39 0.26393429388676715
25 RQ_d71 40 0.2517511732011237
26 RQ_d178 0 0.8097894956858216
26 RQ_d191 1 0.7050546190579944
26 RQ_d75 2 0.6359518879978138
26 RQ_d204 3 0.6179297713594372
26 RQ_d272 4 0.606621624556103
26 RQ_d264 5 0.6048295720647068
26 RQ_d202 6 0.6041209670291163
26 RQ_d190 7 0.6022009720669793
26 RQ_d270 8 0.6003697649093825
26 RQ_d203 9 0.5967542229971379
26 RQ_d76 10 0.5947507719417047
26 RQ_d70 11 0.5764589793443798
26 RQ_d189 12 0.5741920247265003
26 RQ_d262 13 0.5739224940385146
26 RQ_d73 14 0.571232866595452
26 RQ_d72 15 0.5699386179087961
26 RQ_d265 16 0.5640137160918443
26 RQ_d77 17 0.5562537408603908
26 RQ_d208 18 0.5428435671636286
26 RQ_d188 19 0.519241545015437
26 RQ_d155 20 0.5097563183214984
26 RQ_d266 21 0.5001753704598061
26 RQ_d311 22 0.49824605084752005
26 RQ_d206 23 0.49503595602040307
26 RQ_d18 24 0.4924724323549119
26 RQ_d263 25 0.48171400353873733
26 RQ_d271 26 0.44686917840162643
26 RQ_d211 27 0.4395365604087656
26 RQ_d210 28 0.4385413304021094
26 RQ_d207 29 0.4091433367815449
26 RQ_d269 30 0.40759092691480553
26 RQ_d273 31 0.40550566508592234
26 RQ_d277 32 0.4029302762384167
26 RQ_d267 33 0.3724702661130342
26 RQ_d209 34 0.35196294360051217
26 RQ_d116 35 0.3391109892980802
26 RQ_d268 36 0.33129964982400373
26 RQ_d274 37 0.310250249420141
26 RQ_d74 38 0.2990782933440923
26 RQ_d205 39 0.2639377029744251
26 RQ_d71 40 0.25177270403794433
27 RQ_d66 0 0.8389840094436414
27 RQ_d81 1 0.7430095660460359
27 RQ_d58 2 0.7365943868246031
27 RQ_d1 3 0.7079262500824408
27 RQ_d3 4 0.6974826663821555
27 RQ_d86 5 0.678842307735756
27 RQ_d20 6 0.6499214763091471
27 RQ_d88 7 0.6370014613033261
27 RQ_d139 8 0.6250598228867047
27 RQ_d42 9 0.6241722869793384
27 RQ_d43 10 0.6120818544230635
27 RQ_d6 11 0.6110634296634327
27 RQ_d8 12 0.6110296963312715
27 RQ_d9 13 0.609771792947074
27 RQ_d4 14 0.6085524477743981
27 RQ_d7 15 0.6073067204983115
27 RQ_d87 16 0.6072668095336298
27 RQ_d46 17 0.6051568848540834
27 RQ_d84 18 0.6049986569596665
27 RQ_d40 19 0.6044327481113049
27 RQ_d63 20 0.6024135055107523
27 RQ_d82 21 0.6006992172609878
27 RQ_d37 22 0.5971837217631081
27 RQ_d24 23 0.5967586979484899
27 RQ_d203 24 0.5967542969068975
27 RQ_d76 25 0.594741145195527
27 RQ_d154 26 0.5797960609875427
27 RQ_d39 27 0.5752949205046493
27 RQ_d2 28 0.5704262396631834
27 RQ_d72 29 0.5699258684752786
27 RQ_d5 30 0.5421855478909834
27 RQ_d83 31 0.5267413962581672
27 RQ_d79 32 0.5127603832745836
27 RQ_d48 33 0.5106202733336853
27 RQ_d12 34 0.5062703358672893
27 RQ_d16 35 0.5050773029982363
27 RQ_d14 36 0.4997453951767782
27 RQ_d311 37 0.4982454780468838
27 RQ_d21 38 0.49386846926532146
27 RQ_d18 39 0.4924724323549119
27 RQ_d85 40 0.49043093782831104
27 RQ_d13 41 0.49028744854134987
27 RQ_d10 42 0.48969924874503357
27 RQ_d32 43 0.48867851940838336
27 RQ_d56 44 0.48820620805378434
27 RQ_d11 45 0.48738681235860665
27 RQ_d19 46 0.4854719189842879
27 RQ_d17 47 0.4828532200355148
27 RQ_d33 48 0.4753804512235697
27 RQ_d22 49 0.4708316413453212
27 RQ_d31 50 0.47072110315917604
27 RQ_d78 51 0.46951927152871314
27 RQ_d47 52 0.4692802590123796
27 RQ_d211 53 0.43954705559461765
27 RQ_d210 54 0.4385696470787261
27 RQ_d269 55 0.40759725543796455
27 RQ_d273 56 0.4055066813451157
27 RQ_d41 57 0.39828407160978047
27 RQ_d80 58 0.3520680365924368
27 RQ_d268 59 0.3312996359659238
27 RQ_d55 60 0.3150758739309457
27 RQ_d274 61 0.3102074556693781
27 RQ_d74 62 0.2992875076216578
27 RQ_d205 63 0.2830392276254757
27 RQ_d15 64 0.2738524414180272
28 RQ_d66 0 0.8389840094436414
28 RQ_d81 1 0.7429999577772981
28 RQ_d58 2 0.7365943868246031
28 RQ_d1 3 0.7079262500824408
28 RQ_d3 4 0.6974826663821555
28 RQ_d86 5 0.6788460771334915
28 RQ_d20 6 0.6499214763091471
28 RQ_d88 7 0.637009203350636
28 RQ_d139 8 0.6250598228867047
28 RQ_d42 9 0.6241684991041629
28 RQ_d43 10 0.6120817805133041
28 RQ_d6 11 0.6110634296634327
28 RQ_d8 12 0.6110296963312715
28 RQ_d9 13 0.609771792947074
28 RQ_d4 14 0.6085524477743981
28 RQ_d23 15 0.607863272366898
28 RQ_d7 16 0.6073066835434316
28 RQ_d87 17 0.6072668464885095
28 RQ_d46 18 0.6051568109443239
28 RQ_d84 19 0.6049986569596665
28 RQ_d40 20 0.6044327481113049
28 RQ_d63 21 0.6024135424656322
28 RQ_d82 22 0.6006992542158677
28 RQ_d37 23 0.597187121612046
28 RQ_d24 24 0.5967586979484899
28 RQ_d203 25 0.5967542229971379
28 RQ_d76 26 0.5947449330707025
28 RQ_d154 27 0.5797959501229033
28 RQ_d39 28 0.5752996507292586
28 RQ_d2 29 0.5704314318237897
28 RQ_d72 30 0.5699378418563211
28 RQ_d5 31 0.5421954702761992
28 RQ_d83 32 0.5267743784883536
28 RQ_d79 33 0.5127603832745836
28 RQ_d48 34 0.5106202733336853
28 RQ_d12 35 0.5062703728221691
28 RQ_d16 36 0.5050773029982363
28 RQ_d14 37 0.49974532126701876
28 RQ_d311 38 0.49824540413712426
28 RQ_d19 39 0.49542366485201705
28 RQ_d21 40 0.49386560526214
28 RQ_d18 41 0.4924723214902726
28 RQ_d85 42 0.49041528743673235
28 RQ_d13 43 0.49028737463159033
28 RQ_d10 44 0.48969921179015374
28 RQ_d32 45 0.4886785378858232
28 RQ_d56 46 0.48820617109890463
28 RQ_d11 47 0.4873868493134864
28 RQ_d17 48 0.4828529243964767
28 RQ_d33 49 0.4753550447437342
28 RQ_d22 50 0.47098323026209976
28 RQ_d31 51 0.47072110315917604
28 RQ_d78 52 0.46951927152871314
28 RQ_d47 53 0.4692801481477403
28 RQ_d211 54 0.4395378353521174
28 RQ_d210 55 0.4385634017040465
28 RQ_d269 56 0.43749718072950283
28 RQ_d273 57 0.4055810530406342
28 RQ_d41 58 0.39825137577991215
28 RQ_d80 59 0.35219311962170696
28 RQ_d268 60 0.33129417819211915
28 RQ_d55 61 0.3149806227283624
28 RQ_d274 62 0.3101339708909739
28 RQ_d74 63 0.29927520049185746
28 RQ_d15 64 0.27436242799744537
28 RQ_d205 65 0.26393735652242734
29 RQ_d66 0 0.8389841203082806
29 RQ_d81 1 0.7430035793555146
29 RQ_d58 2 0.7365943868246031
29 RQ_d1 3 0.7079262500824408
29 RQ_d3 4 0.6974826663821555
29 RQ_d86 5 0.678847407509163
29 RQ_d20 6 0.6499215132640268
29 RQ_d88 7 0.6370023851753202
29 RQ_d139 8 0.6250598228867047
29 RQ_d42 9 0.6241679447809666
29 RQ_d43 10 0.6120818913779433
29 RQ_d6 11 0.6110634296634327
29 RQ_d8 12 0.6110296963312715
29 RQ_d9 13 0.609771792947074
29 RQ_d4 14 0.6085524477743981
29 RQ_d23 15 0.6078633093217777
29 RQ_d7 16 0.6073066835434316
29 RQ_d87 17 0.6072668464885095
29 RQ_d46 18 0.6051568478992037
29 RQ_d84 19 0.6049986569596665
29 RQ_d40 20 0.6044327481113049
29 RQ_d63 21 0.6024135794205119
29 RQ_d82 22 0.6006992172609878
29 RQ_d37 23 0.5971842945637443
29 RQ_d24 24 0.5967586979484899
29 RQ_d203 25 0.5967542229971379
29 RQ_d76 26 0.5947525457759332
29 RQ_d154 27 0.5797958762131438
29 RQ_d39 28 0.5752966019516784
29 RQ_d2 29 0.570479593270838
29 RQ_d72 30 0.5698822617171609
29 RQ_d5 31 0.5410294329551084
29 RQ_d83 32 0.5268163777092018
29 RQ_d79 33 0.5127603832745836
29 RQ_d48 34 0.5106202733336853
29 RQ_d12 35 0.5062701880477702
29 RQ_d16 36 0.505077339953116
29 RQ_d14 37 0.4997453582218985
29 RQ_d311 38 0.4982457736859219
29 RQ_d21 39 0.4938636466535127
29 RQ_d18 40 0.4924723214902726
29 RQ_d85 41 0.4904331366436568
29 RQ_d13 42 0.49028737463159033
29 RQ_d10 43 0.489699322654793
29 RQ_d32 44 0.4886785378858232
29 RQ_d56 45 0.48820617109890463
29 RQ_d11 46 0.4873865906293281
29 RQ_d17 47 0.4828531091708755
29 RQ_d33 48 0.475360791227537
29 RQ_d22 49 0.4707695017150034
29 RQ_d31 50 0.4707208814298975
29 RQ_d78 51 0.46951927152871314
29 RQ_d47 52 0.46928018510262004
29 RQ_d211 53 0.4534018280431574
29 RQ_d210 54 0.43857902437946533
29 RQ_d269 55 0.4075536486798469
29 RQ_d273 56 0.40552842929185495
29 RQ_d19 57 0.4022564218481718
29 RQ_d41 58 0.3982843210552189
29 RQ_d80 59 0.3520910271470079
29 RQ_d268 60 0.34187323545346693
29 RQ_d55 61 0.31493025322724855
29 RQ_d274 62 0.3101225333556879
29 RQ_d74 63 0.2992703155186891
29 RQ_d15 64 0.274672017502641
29 RQ_d205 65 0.26394307529007033
3 RQ_d183 0 0.7515029201812063
3 RQ_d26 1 0.7478310222816861
3 RQ_d53 2 0.7402003049695807
3 RQ_d59 3 0.725531674787158
3 RQ_d255 4 0.7117311074579576
3 RQ_d1 5 0.7079262500824408
3 RQ_d191 6 0.7050130448182635
3 RQ_d3 7 0.6974826663821555
3 RQ_d119 8 0.6951775408372509
3 RQ_d198 9 0.6446693032530185
3 RQ_d124 10 0.6329664051985201
3 RQ_d52 11 0.6292525430985457
3 RQ_d43 12 0.6120818174681838
3 RQ_d6 13 0.6110634296634327
3 RQ_d8 14 0.6110296963312715
3 RQ_d9 15 0.609771792947074
3 RQ_d50 16 0.6094747338868516
3 RQ_d60 17 0.6089406306858759
3 RQ_d61 18 0.6085962609266462
3 RQ_d4 19 0.6085524477743981
3 RQ_d62 20 0.6076168586230256
3 RQ_d7 21 0.6073066835434316
3 RQ_d272 22 0.6066906932263758
3 RQ_d285 23 0.604229047768574
3 RQ_d202 24 0.6040977824614264
3 RQ_d51 25 0.6031928666946462
3 RQ_d63 26 0.6024135794205119
3 RQ_d259 27 0.6015443299507546
3 RQ_d2 28 0.5704841479597684
3 RQ_d280 29 0.5620678470163583
3 RQ_d77 30 0.556256179882455
3 RQ_d168 31 0.5558845267224797
3 RQ_d25 32 0.5542442201836136
3 RQ_d5 33 0.5421605109599454
3 RQ_d117 34 0.532978925602758
3 RQ_d234 35 0.5318554741836217
3 RQ_d12 36 0.5062704097770488
3 RQ_d162 37 0.4988822567994849
3 RQ_d19 38 0.49735965709292274
3 RQ_d115 39 0.4955751740271329
3 RQ_d30 40 0.49274971393577616
3 RQ_d54 41 0.4719212865805287
3 RQ_d151 42 0.46824307766772144
3 RQ_d201 43 0.44881629079566726
3 RQ_d287 44 0.4461731307788783
3 RQ_d150 45 0.44043594483000703
3 RQ_d49 46 0.4229991640729521
3 RQ_d220 47 0.41486763809558114
3 RQ_d207 48 0.4091269934859708
3 RQ_d193 49 0.3934969485016684
3 RQ_d236 50 0.38945940401894097
3 RQ_d196 51 0.3885024654035319
3 RQ_d279 52 0.38349590429216035
3 RQ_d125 53 0.33538025753453893
3 RQ_d149 54 0.3034915441339785
30 RQ_d66 0 0.8389840833534009
30 RQ_d254 1 0.8350736175032207
30 RQ_d81 2 0.7429945993197328
30 RQ_d58 3 0.7365944607343627
30 RQ_d1 4 0.7079262500824408
30 RQ_d3 5 0.6974826663821555
30 RQ_d86 6 0.6788432685626298
30 RQ_d20 7 0.649921624128666
30 RQ_d88 8 0.6370051383138624
30 RQ_d67 9 0.6368769292622252
30 RQ_d139 10 0.6250598598415844
30 RQ_d42 11 0.6241726750055759
30 RQ_d43 12 0.6120818544230635
30 RQ_d6 13 0.6110634296634327
30 RQ_d8 14 0.6110296963312715
30 RQ_d9 15 0.609771792947074
30 RQ_d4 16 0.6085524477743981
30 RQ_d68 17 0.6073127069195725
30 RQ_d7 18 0.6073066835434316
30 RQ_d87 19 0.6072668095336298
30 RQ_d69 20 0.6068302693476808
30 RQ_d46 21 0.6051567739894441
30 RQ_d84 22 0.6049986569596665
30 RQ_d40 23 0.6044326372466656
30 RQ_d108 24 0.603119861362321
30 RQ_d63 25 0.6024135424656322
30 RQ_d82 26 0.6006992172609878
30 RQ_d37 27 0.5971865672888497
30 RQ_d203 28 0.5967543338617772
30 RQ_d76 29 0.5947514186521006
30 RQ_d154 30 0.5797959131680236
30 RQ_d39 31 0.5753036049013931
30 RQ_d2 32 0.5704572263298627
30 RQ_d72 33 0.569903418385824
30 RQ_d180 34 0.5652242510695767
30 RQ_d5 35 0.5421695279506071
30 RQ_d83 36 0.5267764849165
30 RQ_d142 37 0.5165046531127153
30 RQ_d79 38 0.5127603832745836
30 RQ_d12 39 0.5062703728221691
30 RQ_d16 40 0.505077339953116
30 RQ_d14 41 0.49974532126701876
30 RQ_d153 42 0.49731305515760993
30 RQ_d19 43 0.49448205451571337
30 RQ_d21 44 0.4938636281760728
30 RQ_d18 45 0.4924722845353928
30 RQ_d85 46 0.4904208861010161
30 RQ_d13 47 0.49028737463159033
30 RQ_d10 48 0.48969917483527403
30 RQ_d32 49 0.4886785378858232
30 RQ_d56 50 0.48820617109890463
30 RQ_d11 51 0.48738681235860665
30 RQ_d17 52 0.4828532200355148
30 RQ_d33 53 0.4753759427282389
30 RQ_d305 54 0.4733252496365225
30 RQ_d22 55 0.47086229541808267
30 RQ_d31 56 0.47072110315917604
30 RQ_d78 57 0.46951927152871314
30 RQ_d47 58 0.4692802590123796
30 RQ_d194 59 0.46618959051099484
30 RQ_d211 60 0.45346539043634587
30 RQ_d210 61 0.4384959960033629
30 RQ_d269 62 0.43746850374280843
30 RQ_d273 63 0.4056011934501038
30 RQ_d41 64 0.3982619633529636
30 RQ_d80 65 0.35206859091563314
30 RQ_d268 66 0.33129713920186
30 RQ_d230 67 0.3239315425773934
30 RQ_d55 68 0.315319720705047
30 RQ_d274 69 0.3102056725964296
30 RQ_d74 70 0.29929240876258606
30 RQ_d15 71 0.27324618737683226
30 RQ_d205 72 0.26394501542125776
31 RQ_d66 0 0.8389840463985212
31 RQ_d81 1 0.7430118572485811
31 RQ_d58 2 0.7365943868246031
31 RQ_d213 3 0.7118312443820729
31 RQ_d1 4 0.7079262500824408
31 RQ_d3 5 0.6974826663821555
31 RQ_d152 6 0.6795852031863738
31 RQ_d86 7 0.6788427881491929
31 RQ_d20 8 0.6499214393542673
31 RQ_d160 9 0.6462804314323324
31 RQ_d88 10 0.6370180909992185
31 RQ_d67 11 0.6368769292622252
31 RQ_d139 12 0.6250598228867047
31 RQ_d42 13 0.6241727119604557
31 RQ_d43 14 0.6120818174681838
31 RQ_d143 15 0.6119148872868599
31 RQ_d6 16 0.6110634296634327
31 RQ_d8 17 0.6110296963312715
31 RQ_d9 18 0.609771792947074
31 RQ_d4 19 0.6085524477743981
31 RQ_d68 20 0.6073127438744523
31 RQ_d7 21 0.6073066835434316
31 RQ_d87 22 0.6072668464885095
31 RQ_d69 23 0.6068302693476808
31 RQ_d46 24 0.6051567000796846
31 RQ_d84 25 0.6049986569596665
31 RQ_d40 26 0.6044326372466656
31 RQ_d63 27 0.6024135794205119
31 RQ_d82 28 0.6006992542158677
31 RQ_d126 29 0.5985886504265763
31 RQ_d37 30 0.5971810794892052
31 RQ_d203 31 0.5967542969068975
31 RQ_d141 32 0.5960240783600108
31 RQ_d76 33 0.5947512523551416
31 RQ_d36 34 0.5856145188197002
31 RQ_d154 35 0.5797960609875427
31 RQ_d39 36 0.575301147401889
31 RQ_d2 37 0.5704470544992086
31 RQ_d44 38 0.5703411126215178
31 RQ_d72 39 0.5698935699103678
31 RQ_d34 40 0.5656845281822539
31 RQ_d280 41 0.5620358440904855
31 RQ_d248 42 0.5574403684477894
31 RQ_d168 43 0.5559169384617099
31 RQ_d5 44 0.5421485006240232
31 RQ_d200 45 0.5332455957788207
31 RQ_d278 46 0.5278492598422188
31 RQ_d83 47 0.5267183179357566
31 RQ_d142 48 0.5165046531127153
31 RQ_d79 49 0.5127603463197039
31 RQ_d146 50 0.5105724852036584
31 RQ_d65 51 0.5063279832988014
31 RQ_d12 52 0.5062704836868084
31 RQ_d16 53 0.5050772660433565
31 RQ_d14 54 0.499745432131658
31 RQ_d311 55 0.4982459215054409
31 RQ_d19 56 0.49735786478125443
31 RQ_d153 57 0.49731305515760993
31 RQ_d195 58 0.4972763106114825
31 RQ_d21 59 0.4938637205632722
31 RQ_d18 60 0.49247250626467143
31 RQ_d85 61 0.49031606358457475
31 RQ_d13 62 0.49028744854134987
31 RQ_d10 63 0.48969924874503357
31 RQ_d32 64 0.48867851940838336
31 RQ_d56 65 0.48820620805378434
31 RQ_d11 66 0.4873868862683662
31 RQ_d17 67 0.48285314612575525
31 RQ_d251 68 0.47828166325857724
31 RQ_d33 69 0.47536620511742195
31 RQ_d22 70 0.4707697049668421
31 RQ_d31 71 0.4707211401140558
31 RQ_d78 72 0.46951927152871314
31 RQ_d47 73 0.46928007423798074
31 RQ_d102 74 0.46507668333195384
31 RQ_d250 75 0.45260570556989715
31 RQ_d211 76 0.43955559217184237
31 RQ_d210 77 0.43855177939436174
31 RQ_d269 78 0.40757058325349727
31 RQ_d273 79 0.40550178482354743
31 RQ_d277 80 0.40290459259698297
31 RQ_d41 81 0.3982568543408367
31 RQ_d64 82 0.3541868934721816
31 RQ_d45 83 0.3528300605363047
31 RQ_d89 84 0.35281136598650575
31 RQ_d80 85 0.3521240601901541
31 RQ_d125 86 0.3353691849286906
31 RQ_d268 87 0.3312860873831315
31 RQ_d230 88 0.32402111889625346
31 RQ_d55 89 0.3149525924520639
31 RQ_d274 90 0.31019011459205037
31 RQ_d98 91 0.30405619853013655
31 RQ_d74 92 0.29928053354294293
31 RQ_d15 93 0.27234639148697787
31 RQ_d205 94 0.2639197798577412
31 RQ_d298 95 0.22560135679888155
32 RQ_d59 0 0.725531674787158
32 RQ_d1 1 0.7079262500824408
32 RQ_d3 2 0.6974826663821555
32 RQ_d119 3 0.6951598394498455
32 RQ_d198 4 0.6446693032530185
32 RQ_d52 5 0.6292524322339065
32 RQ_d6 6 0.6110634296634327
32 RQ_d8 7 0.6110296963312715
32 RQ_d9 8 0.609771792947074
32 RQ_d50 9 0.609474659977092
32 RQ_d60 10 0.6089406306858759
32 RQ_d61 11 0.608596297881526
32 RQ_d4 12 0.6085524477743981
32 RQ_d62 13 0.6076167477583864
32 RQ_d7 14 0.6073066835434316
32 RQ_d51 15 0.6031927743074468
32 RQ_d63 16 0.6024135794205119
32 RQ_d259 17 0.6013235060667441
32 RQ_d171 18 0.5878647706569591
32 RQ_d2 19 0.5704280966458913
32 RQ_d280 20 0.562115611198449
32 RQ_d25 21 0.5542458923919228
32 RQ_d5 22 0.5421404075053556
32 RQ_d115 23 0.4955673303539037
32 RQ_d201 24 0.4488370640574528
32 RQ_d49 25 0.4229993192545761
33 RQ_d66 0 0.8389840463985212
33 RQ_d91 1 0.7756704411187032
33 RQ_d81 2 0.7430055933964617
33 RQ_d90 3 0.7174553562422283
33 RQ_d86 4 0.6788437859309465
33 RQ_d35 5 0.6585860055217094
33 RQ_d88 6 0.6369999091983762
33 RQ_d139 7 0.6250598228867047
33 RQ_d42 8 0.6241747999111621
33 RQ_d43 9 0.6120818913779433
33 RQ_d38 10 0.6094360887629416
33 RQ_d7 11 0.6073066835434316
33 RQ_d87 12 0.6072668464885095
33 RQ_d40 13 0.6044327481113049
33 RQ_d259 14 0.6013235430216239
33 RQ_d82 15 0.6006992172609878
33 RQ_d37 16 0.5971825946392754
33 RQ_d260 17 0.595655999336733
33 RQ_d36 18 0.5856145927294597
33 RQ_d70 19 0.5764351988792539
33 RQ_d39 20 0.5752949205046493
33 RQ_d44 21 0.5703988176662642
33 RQ_d34 22 0.5657065532905913
33 RQ_d280 23 0.5624300233154534
33 RQ_d248 24 0.5574484061341374
33 RQ_d241 25 0.543332345344095
33 RQ_d83 26 0.526737257311634
33 RQ_d12 27 0.5062703728221691
33 RQ_d311 28 0.4982453671822445
33 RQ_d85 29 0.4902776859419432
33 RQ_d32 30 0.4886784824535036
33 RQ_d11 31 0.4873868493134864
33 RQ_d17 32 0.4828532200355148
33 RQ_d251 33 0.4783137585716495
33 RQ_d240 34 0.47237147741990027
33 RQ_d31 35 0.47072099229453673
33 RQ_d102 36 0.46507557468556104
33 RQ_d250 37 0.4526127547132115
33 RQ_d239 38 0.4371390599070357
33 RQ_d19 39 0.4039762095650373
33 RQ_d41 40 0.398245841786668
33 RQ_d64 41 0.3541886673064101
33 RQ_d45 42 0.3528213992363608
33 RQ_d89 43 0.35281358789865136
33 RQ_d80 44 0.35208115557475184
33 RQ_d98 45 0.3040561096074571
34 RQ_d91 0 0.7756705150284627
34 RQ_d90 1 0.7174553931971082
34 RQ_d35 2 0.6585861163863488
34 RQ_d92 3 0.6437931907444512
34 RQ_d93 4 0.6437782979279076
34 RQ_d87 5 0.6072668095336298
34 RQ_d259 6 0.6015442929958748
34 RQ_d94 7 0.5964823021203721
34 RQ_d260 8 0.5957575883011952
34 RQ_d70 9 0.5764317066431165
34 RQ_d34 10 0.5657132790787077
34 RQ_d241 11 0.5433318556919382
34 RQ_d234 12 0.531857119830611
34 RQ_d185 13 0.5239850680677988
34 RQ_d266 14 0.5001758323958031
34 RQ_d251 15 0.4783135368423709
34 RQ_d233 16 0.47801968963896535
34 RQ_d240 17 0.472352833683061
34 RQ_d284 18 0.460234979070159
34 RQ_d239 19 0.43711852223260866
34 RQ_d235 20 0.4205116575183555
34 RQ_d236 21 0.389459315457149
34 RQ_d232 22 0.36160942385159467
34 RQ_d98 23 0.3040560853558173
35 RQ_d26 0 0.7478321494055187
35 RQ_d53 1 0.740199473484786
35 RQ_d28 2 0.7329533204612367
35 RQ_d27 3 0.6235411767368659
35 RQ_d43 4 0.6120818544230635
35 RQ_d9 5 0.609771792947074
35 RQ_d84 6 0.6049986569596665
35 RQ_d63 7 0.6024135794205119
35 RQ_d82 8 0.6006992172609878
35 RQ_d121 9 0.5990469668875872
35 RQ_d315 10 0.5985647841857663
35 RQ_d37 11 0.5971810055794456
35 RQ_d316 12 0.5947137373315913
35 RQ_d39 13 0.5752874740963775
35 RQ_d241 14 0.5433324204086944
35 RQ_d266 15 0.5001720999529472
35 RQ_d30 16 0.4927470069908337
35 RQ_d32 17 0.4886784454986238
35 RQ_d11 18 0.4873868493134864
35 RQ_d33 19 0.4753749819013651
35 RQ_d54 20 0.4719215648969669
35 RQ_d102 21 0.46506349043987927
35 RQ_d97 22 0.4556543094033455
35 RQ_d239 23 0.4370821493922042
35 RQ_d49 24 0.4229991567108472
35 RQ_d41 25 0.39828997515182224
35 RQ_d193 26 0.3935120260926107
35 RQ_d196 27 0.388532881579255
35 RQ_d99 28 0.3673539347736724
35 RQ_d96 29 0.362706552704974
35 RQ_d286 30 0.3560369015269347
35 RQ_d80 31 0.35211031759424305
35 RQ_d103 32 0.34642767246000317
35 RQ_d101 33 0.3416659360496701
35 RQ_d95 34 0.3301760907803747
35 RQ_d98 35 0.3040561615752568
36 RQ_d26 0 0.7478316874695217
36 RQ_d53 1 0.7402008408153371
36 RQ_d28 2 0.7329533574161166
36 RQ_d27 3 0.6235411767368659
36 RQ_d43 4 0.6120817805133041
36 RQ_d9 5 0.609771792947074
36 RQ_d84 6 0.6049986569596665
36 RQ_d63 7 0.6024135055107523
36 RQ_d82 8 0.6006992172609878
36 RQ_d121 9 0.5990470407973466
36 RQ_d315 10 0.5985575779842128
36 RQ_d37 11 0.5971816153349617
36 RQ_d316 12 0.5947137003767116
36 RQ_d39 13 0.5752888783818084
36 RQ_d280 14 0.5620768824844597
36 RQ_d301 15 0.5434413654705248
36 RQ_d241 16 0.5433321441132263
36 RQ_d288 17 0.5099963630593884
36 RQ_d107 18 0.5013877109621461
36 RQ_d266 19 0.5001729868700615
36 RQ_d242 20 0.49847817792601373
36 RQ_d30 21 0.4927365118049816
36 RQ_d32 22 0.48867851940838336
36 RQ_d11 23 0.4873868493134864
36 RQ_d33 24 0.4753795273515757
36 RQ_d54 25 0.47192390748989166
36 RQ_d102 26 0.46506430344723404
36 RQ_d281 27 0.46336847361634925
36 RQ_d284 28 0.46024815348479375
36 RQ_d97 29 0.4556853699797844
36 RQ_d287 30 0.4461622475667888
36 RQ_d239 31 0.437122337823944
36 RQ_d283 32 0.4343443144067501
36 RQ_d49 33 0.422998958439256
36 RQ_d41 34 0.39824228487949104
36 RQ_d193 35 0.3934938893305282
36 RQ_d196 36 0.3884966565583695
36 RQ_d112 37 0.3819203204319265
36 RQ_d99 38 0.3673303760378249
36 RQ_d96 39 0.36273037012497983
36 RQ_d286 40 0.35604738285470683
36 RQ_d80 41 0.352089003867341
36 RQ_d103 42 0.34632655005089785
36 RQ_d101 43 0.3416659331264814
36 RQ_d116 44 0.33910698431298614
36 RQ_d95 45 0.33017421993958684
36 RQ_d244 46 0.3297285376037473
36 RQ_d98 47 0.3040565126466145
36 RQ_d282 48 0.30179853822971836
37 RQ_d111 0 0.7078159100825328
37 RQ_d135 1 0.705054304671769
37 RQ_d104 2 0.7030469856938254
37 RQ_d105 3 0.6052990172935029
37 RQ_d108 4 0.6031198983172008
37 RQ_d171 5 0.5878695563138882
37 RQ_d157 6 0.5761528330200252
37 RQ_d110 7 0.5675472423833341
37 RQ_d138 8 0.5654967819901127
37 RQ_d117 9 0.5329871850183845
37 RQ_d155 10 0.5099243521597704
37 RQ_d107 11 0.5013964138363297
37 RQ_d192 12 0.4940809008820319
37 RQ_d109 13 0.48528960204610966
37 RQ_d137 14 0.4781838780664692
37 RQ_d201 15 0.44883333161459693
37 RQ_d223 16 0.44694350781772096
37 RQ_d150 17 0.4404367047147221
37 RQ_d118 18 0.3148880128162379
37 RQ_d106 19 0.20858976462434325
38 RQ_d111 0 0.7078157437855739
38 RQ_d135 1 0.7050540275101708
38 RQ_d104 2 0.703050145336045
38 RQ_d105 3 0.6052990542483826
38 RQ_d108 4 0.6031198428848812
38 RQ_d171 5 0.5878643087209621
38 RQ_d157 6 0.5761498304360446
38 RQ_d110 7 0.5675471315186948
38 RQ_d138 8 0.5655231123419422
38 RQ_d117 9 0.5329390697649361
38 RQ_d155 10 0.5096202689316591
38 RQ_d107 11 0.5013732616041596
38 RQ_d192 12 0.4940809008820319
38 RQ_d109 13 0.48528964214071063
38 RQ_d137 14 0.4696763843321095
38 RQ_d201 15 0.4487659859655929
38 RQ_d223 16 0.446941031840777
38 RQ_d150 17 0.4404366764211423
38 RQ_d118 18 0.31488826457135627
38 RQ_d106 19 0.20843832352708375
39 RQ_d52 0 0.6292526170083051
39 RQ_d113 1 0.6097433343944982
39 RQ_d114 2 0.5991688000861678
39 RQ_d316 3 0.5947138112413508
39 RQ_d314 4 0.5932964505511202
39 RQ_d317 5 0.582188437375399
39 RQ_d115 6 0.4950718254679918
39 RQ_d100 7 0.480535167984939
39 RQ_d112 8 0.3819215307042387
39 RQ_d103 9 0.3464481038891508
39 RQ_d116 10 0.3391308848814714
4 RQ_d179 0 0.7707525482379002
4 RQ_d58 1 0.7365944607343627
4 RQ_d1 2 0.7079262500824408
4 RQ_d3 3 0.6974826663821555
4 RQ_d119 4 0.695165659843408
4 RQ_d20 5 0.6499215502189065
4 RQ_d143 6 0.6119149242417397
4 RQ_d6 7 0.6110634296634327
4 RQ_d8 8 0.6110296963312715
4 RQ_d9 9 0.609771792947074
4 RQ_d4 10 0.6085524477743981
4 RQ_d23 11 0.607863272366898
4 RQ_d7 12 0.6073066835434316
4 RQ_d46 13 0.6051568848540834
4 RQ_d63 14 0.6024135794205119
4 RQ_d24 15 0.5967586979484899
4 RQ_d165 16 0.5824309480758763
4 RQ_d5 17 0.5421817784932478
4 RQ_d79 18 0.5127603832745836
4 RQ_d297 19 0.511673774511506
4 RQ_d48 20 0.5106202733336853
4 RQ_d12 21 0.5062694859050548
4 RQ_d16 22 0.5050772660433565
4 RQ_d14 23 0.4997453582218985
4 RQ_d311 24 0.4982456258664028
4 RQ_d19 25 0.49735771696173536
4 RQ_d21 26 0.4938672312768495
4 RQ_d18 27 0.4924722845353928
4 RQ_d13 28 0.49028737463159033
4 RQ_d10 29 0.48969924874503357
4 RQ_d32 30 0.4886785378858232
4 RQ_d56 31 0.48820620805378434
4 RQ_d11 32 0.48738681235860665
4 RQ_d17 33 0.482853183080635
4 RQ_d33 34 0.475374538442808
4 RQ_d22 35 0.4708662865450969
4 RQ_d31 36 0.4707210292494165
4 RQ_d78 37 0.46951927152871314
4 RQ_d47 38 0.46928018510262004
4 RQ_d151 39 0.4682431146226012
4 RQ_d194 40 0.46618959051099484
4 RQ_d284 41 0.46025303152892216
4 RQ_d55 42 0.31486229320336856
4 RQ_d15 43 0.2722717518685811
4 RQ_d313 44 0.26347152999186524
40 RQ_d29 0 0.8404275791812142
40 RQ_d120 1 0.698998390256091
40 RQ_d119 2 0.6951602089986433
40 RQ_d160 3 0.646322984976377
40 RQ_d27 4 0.6235411767368659
40 RQ_d122 5 0.619981030287234
40 RQ_d204 6 0.6179658577995235
40 RQ_d43 7 0.6120817805133041
40 RQ_d143 8 0.6119149796740593
40 RQ_d68 9 0.6073127069195725
40 RQ_d258 10 0.6053702582281099
40 RQ_d260 11 0.6018930037360326
40 RQ_d259 12 0.6015442190861152
40 RQ_d82 13 0.6006992172609878
40 RQ_d121 14 0.5990472625266252
40 RQ_d315 15 0.5985617354081859
40 RQ_d316 16 0.5947138112413508
40 RQ_d314 17 0.5932710255938448
40 RQ_d123 18 0.5871097285741538
40 RQ_d317 19 0.5821886221497979
40 RQ_d189 20 0.5741906296797894
40 RQ_d238 21 0.5556129105298245
40 RQ_d257 22 0.5054546325961077
40 RQ_d240 23 0.47237962597088756
41 RQ_d66 0 0.8389839724887617
41 RQ_d213 1 0.7118154092160953
41 RQ_d152 2 0.6795785328305771
41 RQ_d160 3 0.6462128040023702
41 RQ_d67 4 0.636876966217105
41 RQ_d143 5 0.6119148872868599
41 RQ_d40 6 0.6044327481113049
41 RQ_d126 7 0.5985864700886703
41 RQ_d141 8 0.5959941633848445
41 RQ_d168 9 0.5558851930651554
41 RQ_d200 10 0.5332425100463607
41 RQ_d278 11 0.527847670782389
41 RQ_d142 12 0.5165046531127153
41 RQ_d146 13 0.5105686280380833
41 RQ_d65 14 0.5063279832988014
41 RQ_d12 15 0.5062704097770488
41 RQ_d16 16 0.5050773029982363
41 RQ_d14 17 0.4997453582218985
41 RQ_d153 18 0.4973130182027302
41 RQ_d195 19 0.4972763106114825
41 RQ_d18 20 0.49247250626467143
41 RQ_d47 21 0.4692801481477403
41 RQ_d128 22 0.40883139609374364
41 RQ_d277 23 0.40293501570174606
41 RQ_d19 24 0.40251372019850595
41 RQ_d125 25 0.335453920158302
41 RQ_d230 26 0.324041111486204
41 RQ_d127 27 0.30867395468372677
41 RQ_d298 28 0.2256146767233553
42 RQ_d132 0 0.7138756690851843
42 RQ_d130 1 0.5925701035183051
42 RQ_d131 2 0.5158948312896425
42 RQ_d133 3 0.46737896394414224
43 RQ_d111 0 0.7078151709849376
43 RQ_d135 1 0.7050535470967338
43 RQ_d104 2 0.7030852894266975
43 RQ_d108 3 0.6031210808733531
43 RQ_d171 4 0.5878709236444392
43 RQ_d157 5 0.5761491190546093
43 RQ_d110 6 0.5675472054284543
43 RQ_d138 7 0.5657270848007816
43 RQ_d155 8 0.5095765143540224
43 RQ_d134 9 0.5074429927941858
43 RQ_d107 10 0.5013990561102326
43 RQ_d137 11 0.49620586753122903
43 RQ_d192 12 0.49408091935947174
43 RQ_d201 13 0.44884520798908
43 RQ_d223 14 0.4469456142458673
43 RQ_d150 15 0.44043624739808507
43 RQ_d136 16 0.40455056647454724
43 RQ_d118 17 0.3148875451060409
43 RQ_d149 18 0.3034905117070252
44 RQ_d66 0 0.8389840094436414
44 RQ_d213 1 0.7118289347020879
44 RQ_d152 2 0.6795792164958526
44 RQ_d160 3 0.6463236501642126
44 RQ_d67 4 0.6368769292622252
44 RQ_d139 5 0.6250598228867047
44 RQ_d143 6 0.6119149611966195
44 RQ_d40 7 0.6044327481113049
44 RQ_d126 8 0.5985921796175934
44 RQ_d141 9 0.5960279216675058
44 RQ_d154 10 0.5797960240326628
44 RQ_d168 11 0.555886644699026
44 RQ_d200 12 0.5332479054588057
44 RQ_d278 13 0.5278480588086265
44 RQ_d142 14 0.5165046531127153
44 RQ_d146 15 0.5105563197534431
44 RQ_d65 16 0.5063280202536812
44 RQ_d12 17 0.5062694119952953
44 RQ_d16 18 0.5050773029982363
44 RQ_d14 19 0.499745432131658
44 RQ_d153 20 0.49731309211248975
44 RQ_d195 21 0.49727623670172294
44 RQ_d159 22 0.4933091252583167
44 RQ_d18 23 0.49247246930979166
44 RQ_d140 24 0.48699151848432
44 RQ_d47 25 0.4692801481477403
44 RQ_d151 26 0.46824307766772144
44 RQ_d19 27 0.4294394520958601
44 RQ_d277 28 0.40294122412154587
44 RQ_d125 29 0.33544785955802126
44 RQ_d230 30 0.3239130097051934
44 RQ_d298 31 0.22561329322504428
45 RQ_d145 0 0.7854916794922645
45 RQ_d166 1 0.7322862411039635
45 RQ_d144 2 0.560638661619678
45 RQ_d170 3 0.5472330685866604
45 RQ_d146 4 0.5105676972370494
45 RQ_d147 5 0.508111704241269
45 RQ_d167 6 0.4907222760108498
45 RQ_d169 7 0.44663626583180116
45 RQ_d148 8 0.3481500542352941
46 RQ_d111 0 0.7078145797068613
46 RQ_d135 1 0.705053510141854
46 RQ_d104 2 0.7031019376000297
46 RQ_d108 3 0.6031210069635935
46 RQ_d171 4 0.5878673574985424
46 RQ_d157 5 0.5761467354648648
46 RQ_d110 6 0.5675471684735746
46 RQ_d138 7 0.5655058913679737
46 RQ_d155 8 0.5096292120125613
46 RQ_d134 9 0.5074430297490656
46 RQ_d107 10 0.5013885978792604
46 RQ_d192 11 0.49408082697227235
46 RQ_d137 12 0.4530895006679783
46 RQ_d201 13 0.4487945382295681
46 RQ_d223 14 0.44694275024268587
46 RQ_d150 15 0.44043740974453754
46 RQ_d136 16 0.4045763055483006
46 RQ_d118 17 0.31488792158387846
46 RQ_d149 18 0.30349054288770494
48 RQ_d135 0 0.7050539536004112
48 RQ_d217 1 0.5991708841982636
48 RQ_d171 2 0.5878699997724451
48 RQ_d157 3 0.5761529438846646
48 RQ_d138 4 0.5657167004795688
48 RQ_d134 5 0.5074430297490656
48 RQ_d137 6 0.4961960375332127
48 RQ_d182 7 0.4817411815680661
48 RQ_d150 8 0.44043751483497684
48 RQ_d136 9 0.40456847111379135
48 RQ_d149 10 0.3034950357926959
49 RQ_d66 0 0.8389841203082806
49 RQ_d213 1 0.7118030293313755
49 RQ_d191 2 0.7049767920812183
49 RQ_d152 3 0.6795857205546906
49 RQ_d160 4 0.6462405201621908
49 RQ_d67 5 0.636876966217105
49 RQ_d139 6 0.6250598228867047
49 RQ_d43 7 0.6120818913779433
49 RQ_d143 8 0.6119149796740593
49 RQ_d40 9 0.6044327481113049
49 RQ_d126 10 0.5985834952208495
49 RQ_d141 11 0.5960252424387232
49 RQ_d154 12 0.5797960240326628
49 RQ_d70 13 0.576363044476521
49 RQ_d168 14 0.5558860534209498
49 RQ_d293 15 0.5508929946589839
49 RQ_d200 16 0.5332550747054793
49 RQ_d278 17 0.5278439383395332
49 RQ_d142 18 0.5165046531127153
49 RQ_d146 19 0.5105714088927853
49 RQ_d65 20 0.5063279832988014
49 RQ_d12 21 0.5062703358672893
49 RQ_d16 22 0.5050772660433565
49 RQ_d14 23 0.499745432131658
49 RQ_d153 24 0.4973131660222493
49 RQ_d195 25 0.4972763106114825
49 RQ_d159 26 0.49330908830343695
49 RQ_d18 27 0.4924724323549119
49 RQ_d140 28 0.48699118589040213
49 RQ_d305 29 0.47332310625349644
49 RQ_d47 30 0.4692801481477403
49 RQ_d151 31 0.46824307766772144
49 RQ_d277 32 0.402900730812048
49 RQ_d19 33 0.40225224594675885
49 RQ_d125 34 0.3353817264910094
49 RQ_d230 35 0.3239398043026999
49 RQ_d298 36 0.22561167182969477
5 RQ_d179 0 0.7707501276932758
5 RQ_d58 1 0.7365943868246031
5 RQ_d1 2 0.7079262500824408
5 RQ_d3 3 0.6974826663821555
5 RQ_d119 4 0.6951580656156171
5 RQ_d20 5 0.6499214763091471
5 RQ_d143 6 0.6119149611966195
5 RQ_d6 7 0.6110634296634327
5 RQ_d8 8 0.6110296963312715
5 RQ_d9 9 0.609771792947074
5 RQ_d4 10 0.6085524108195183
5 RQ_d23 11 0.6078632354120181
5 RQ_d7 12 0.6073066835434316
5 RQ_d46 13 0.6051568478992037
5 RQ_d63 14 0.6024135794205119
5 RQ_d24 15 0.5967586979484899
5 RQ_d165 16 0.582431613263712
5 RQ_d5 17 0.5421311687854155
5 RQ_d79 18 0.5127603832745836
5 RQ_d297 19 0.511673774511506
5 RQ_d48 20 0.5106202733336853
5 RQ_d12 21 0.5062695967696942
5 RQ_d16 22 0.5050773029982363
5 RQ_d14 23 0.4997453951767782
5 RQ_d311 24 0.49824605084752005
5 RQ_d21 25 0.4938677856000459
5 RQ_d18 26 0.4924723214902726
5 RQ_d13 27 0.49028741158647005
5 RQ_d10 28 0.48969924874503357
5 RQ_d32 29 0.4886784824535036
5 RQ_d56 30 0.48820617109890463
5 RQ_d11 31 0.48738681235860665
5 RQ_d17 32 0.4828531091708755
5 RQ_d33 33 0.47536056949825845
5 RQ_d22 34 0.4709016708424677
5 RQ_d31 35 0.4707211401140558
5 RQ_d78 36 0.46951927152871314
5 RQ_d47 37 0.46928007423798074
5 RQ_d151 38 0.46824307766772144
5 RQ_d194 39 0.46618959051099484
5 RQ_d284 40 0.46025336412284
5 RQ_d19 41 0.4027796105583845
5 RQ_d55 42 0.3148729731636194
5 RQ_d15 43 0.2748211304424756
5 RQ_d313 44 0.2634718950656579
50 RQ_d164 0 0.8479260812013992
50 RQ_d165 1 0.5824359739395237
50 RQ_d162 2 0.4989514178569571
50 RQ_d161 3 0.4857120261870584
50 RQ_d163 4 0.4736279003396375
51 RQ_d145 0 0.7854916055825051
51 RQ_d172 1 0.7736779578418678
51 RQ_d166 2 0.7323049402731223
51 RQ_d317 3 0.5821842614739862
51 RQ_d144 4 0.5606112410988956
51 RQ_d168 5 0.5558869715187439
51 RQ_d170 6 0.5472263566566239
51 RQ_d146 7 0.5105684779088843
51 RQ_d147 8 0.5081155406197241
51 RQ_d167 9 0.49245864896226793
51 RQ_d169 10 0.4466304084833591
51 RQ_d45 11 0.3528269055134452
51 RQ_d89 12 0.3528132044917739
51 RQ_d148 13 0.3481493567119386
51 RQ_d291 14 0.29796302471856395
51 RQ_d298 15 0.22561585696982767
52 RQ_d172 0 0.7736789371461814
52 RQ_d174 1 0.7585777216082816
52 RQ_d173 2 0.7225194785290479
52 RQ_d312 3 0.694930411362196
52 RQ_d176 4 0.6163248935150571
52 RQ_d310 5 0.6160630175850721
52 RQ_d61 6 0.608596297881526
52 RQ_d63 7 0.6024135055107523
52 RQ_d114 8 0.5991754889194046
52 RQ_d241 9 0.5433319197855577
52 RQ_d175 10 0.5318086611396732
52 RQ_d199 11 0.5085216149500941
52 RQ_d112 12 0.38188134227249887
53 RQ_d29 0 0.8404280965495309
53 RQ_d178 1 0.8097894956858216
53 RQ_d179 2 0.7707609739504856
53 RQ_d58 3 0.7365943868246031
53 RQ_d191 4 0.7050485399802737
53 RQ_d312 5 0.6949303374524366
53 RQ_d20 6 0.6499214763091471
53 RQ_d184 7 0.6220514773947345
53 RQ_d38 8 0.6094360518080619
53 RQ_d46 9 0.6051567370345644
53 RQ_d202 10 0.60410650381305
53 RQ_d181 11 0.598331964436695
53 RQ_d24 12 0.5967586979484899
53 RQ_d221 13 0.5687858269661055
53 RQ_d180 14 0.5652289674361063
53 RQ_d25 15 0.5542416564388303
53 RQ_d48 16 0.5106202733336853
53 RQ_d107 17 0.5013825188015397
53 RQ_d195 18 0.49727623670172294
53 RQ_d115 19 0.49506746017282
53 RQ_d13 20 0.49028744854134987
53 RQ_d32 21 0.4886784824535036
53 RQ_d11 22 0.48738681235860665
53 RQ_d109 23 0.4852896335154995
53 RQ_d22 24 0.4708421180537333
53 RQ_d78 25 0.46951927152871314
53 RQ_d128 26 0.40883918433465327
53 RQ_d277 27 0.4029366232390156
53 RQ_d177 28 0.33583827419268336
53 RQ_d125 29 0.3354496102954499
53 RQ_d307 30 0.30274264045933263
54 RQ_d178 0 0.8097894956858216
54 RQ_d183 1 0.7515075210637365
54 RQ_d213 2 0.7117987425653233
54 RQ_d111 3 0.7078149123007793
54 RQ_d184 4 0.6220489644629108
54 RQ_d204 5 0.6179195163803035
54 RQ_d285 6 0.6042293064527323
54 RQ_d270 7 0.6003697649093825
54 RQ_d181 8 0.5983077959453316
54 RQ_d186 9 0.56624777661592
54 RQ_d278 10 0.527844603527369
54 RQ_d185 11 0.5239921634047129
54 RQ_d206 12 0.4950311888409139
54 RQ_d109 13 0.4852896330463457
54 RQ_d182 14 0.4817393338240781
54 RQ_d208 15 0.4574481755801859
54 RQ_d287 16 0.44617344489535626
54 RQ_d211 17 0.43963864826410465
54 RQ_d210 18 0.4385791537215445
54 RQ_d269 19 0.43749718072950283
54 RQ_d283 20 0.43433622128808247
54 RQ_d207 21 0.40911271042494324
54 RQ_d279 22 0.383495031233126
54 RQ_d267 23 0.37247650571351376
54 RQ_d286 24 0.356047348209507
54 RQ_d268 25 0.33129508127699325
54 RQ_d205 26 0.26390944634948804
54 RQ_d313 27 0.2634715963951648
55 RQ_d178 0 0.8097894956858216
55 RQ_d191 1 0.7050502214273029
55 RQ_d42 2 0.624170975081107
55 RQ_d204 3 0.617952803488248
55 RQ_d272 4 0.6067158225446131
55 RQ_d264 5 0.6048295720647068
55 RQ_d202 6 0.6040672161565044
55 RQ_d190 7 0.6022014524804162
55 RQ_d270 8 0.6003696909996231
55 RQ_d203 9 0.5967543338617772
55 RQ_d76 10 0.5947366551776361
55 RQ_d70 11 0.5763948811054349
55 RQ_d189 12 0.57419516820096
55 RQ_d262 13 0.5739821022595688
55 RQ_d73 14 0.5712261777622153
55 RQ_d72 15 0.5699240576861704
55 RQ_d221 16 0.5687904648035156
55 RQ_d265 17 0.5640248025557725
55 RQ_d77 18 0.5562637002004864
55 RQ_d208 19 0.5429342729160014
55 RQ_d188 20 0.5192512271939342
55 RQ_d155 21 0.509919474115642
55 RQ_d292 22 0.5092163800237002
55 RQ_d266 23 0.5001763312866798
55 RQ_d311 24 0.49824601389264034
55 RQ_d153 25 0.4973131660222493
55 RQ_d206 26 0.4950148732614995
55 RQ_d159 27 0.49330908830343695
55 RQ_d140 28 0.4869915369617599
55 RQ_d263 29 0.481707721209178
55 RQ_d271 30 0.4468908247224463
55 RQ_d211 31 0.4395811095163172
55 RQ_d210 32 0.4385194438745711
55 RQ_d269 33 0.43748991909562984
55 RQ_d207 34 0.4091054025974705
55 RQ_d128 35 0.4088293543366369
55 RQ_d273 36 0.4055292607766495
55 RQ_d277 37 0.4029145519370785
55 RQ_d267 38 0.37246777050381036
55 RQ_d249 39 0.35413161374845753
55 RQ_d209 40 0.35194299258480133
55 RQ_d268 41 0.33127696645687055
55 RQ_d274 42 0.31015948823544864
55 RQ_d74 43 0.2992723873016357
55 RQ_d205 44 0.2639313652125461
55 RQ_d71 45 0.2517225424080291
56 RQ_d198 0 0.6446693032530185
56 RQ_d195 1 0.4972762736566027
56 RQ_d192 2 0.4940809008820319
56 RQ_d194 3 0.46618962746587456
56 RQ_d193 4 0.3934987523617367
56 RQ_d196 5 0.38848679653451335
57 RQ_d198 0 0.6446693032530185
57 RQ_d200 1 0.533233659352658
57 RQ_d199 2 0.5085215779952144
57 RQ_d195 3 0.49727623670172294
57 RQ_d201 4 0.44882750660167464
57 RQ_d197 5 0.3115168944271945
58 RQ_d191 0 0.705083868845325
58 RQ_d272 1 0.6066804197698022
58 RQ_d264 2 0.6047945757935734
58 RQ_d202 3 0.6040829358384826
58 RQ_d190 4 0.6022011198864984
58 RQ_d270 5 0.6003697279545028
58 RQ_d203 6 0.5967542969068975
58 RQ_d189 7 0.5741995912381314
58 RQ_d110 8 0.5675471684735746
58 RQ_d265 9 0.5640006894967287
58 RQ_d208 10 0.5428905368158045
58 RQ_d200 11 0.5332372994083144
58 RQ_d188 12 0.519263625556094
58 RQ_d107 13 0.5014020309780534
58 RQ_d266 14 0.5001676468899361
58 RQ_d206 15 0.49503192793850914
58 RQ_d263 16 0.4817017714735365
58 RQ_d223 17 0.44694306435916387
58 RQ_d271 18 0.4468589049450529
58 RQ_d211 19 0.43954424702375583
58 RQ_d210 20 0.4385257354428504
58 RQ_d269 21 0.43745355549394527
58 RQ_d309 22 0.434759294778133
58 RQ_d207 23 0.4091309846129849
58 RQ_d273 24 0.40564770116628274
58 RQ_d209 25 0.3519481524098879
58 RQ_d268 26 0.3312804217381282
58 RQ_d274 27 0.31012146166417487
58 RQ_d205 28 0.26394250710879397
59 RQ_d178 0 0.8097894956858216
59 RQ_d183 1 0.7515031419104848
59 RQ_d191 2 0.7050362340053135
59 RQ_d184 3 0.6220487612110721
59 RQ_d204 4 0.6179561386661465
59 RQ_d272 5 0.6066738602786448
59 RQ_d264 6 0.6048197605441302
59 RQ_d285 7 0.6042290108136943
59 RQ_d202 8 0.6040988033399799
59 RQ_d190 9 0.6022010090218591
59 RQ_d270 10 0.6003697279545028
59 RQ_d203 11 0.5967542969068975
59 RQ_d189 12 0.5742097238042257
59 RQ_d186 13 0.566266457307639
59 RQ_d265 14 0.5640227330825058
59 RQ_d208 15 0.5429189551183405
59 RQ_d185 16 0.5239864353983499
59 RQ_d188 17 0.5192517815171307
59 RQ_d266 18 0.5001785116245857
59 RQ_d206 19 0.49502470325951586
59 RQ_d182 20 0.48174193914310126
59 RQ_d263 21 0.4817037485596037
59 RQ_d271 22 0.44686465142885573
59 RQ_d287 23 0.4461732601209575
59 RQ_d211 24 0.43960398458688904
59 RQ_d210 25 0.43851243168613646
59 RQ_d283 26 0.4342995066150402
59 RQ_d207 27 0.4090995637264684
59 RQ_d269 28 0.4075919062191192
59 RQ_d273 29 0.40550926818669897
59 RQ_d267 30 0.3724886234495553
59 RQ_d286 31 0.35603812450248673
59 RQ_d209 32 0.35196929522047105
59 RQ_d268 33 0.3312965363753838
59 RQ_d274 34 0.3101371397719134
59 RQ_d205 35 0.26391401027713846
6 RQ_d58 0 0.7365944607343627
6 RQ_d20 1 0.6499239892409708
6 RQ_d23 2 0.6078633093217777
6 RQ_d46 3 0.6051568478992037
6 RQ_d24 4 0.5967586979484899
6 RQ_d79 5 0.5127603832745836
6 RQ_d48 6 0.5106202733336853
6 RQ_d12 7 0.5062701880477702
6 RQ_d16 8 0.5050772660433565
6 RQ_d14 9 0.499745432131658
6 RQ_d311 10 0.49824569977616234
6 RQ_d21 11 0.4938642009767091
6 RQ_d18 12 0.4924722845353928
6 RQ_d13 13 0.49028741158647005
6 RQ_d10 14 0.48969921179015374
6 RQ_d32 15 0.4886785378858232
6 RQ_d56 16 0.48820620805378434
6 RQ_d11 17 0.4873867754037269
6 RQ_d17 18 0.4828532200355148
6 RQ_d33 19 0.47539652659626563
6 RQ_d22 20 0.4708469221881022
6 RQ_d31 21 0.4707211401140558
6 RQ_d78 22 0.46951927152871314
6 RQ_d47 23 0.46928007423798074
6 RQ_d19 24 0.4490329662998854
6 RQ_d55 25 0.31483912249375856
6 RQ_d15 26 0.27339773933873107
60 RQ_d178 0 0.8097894956858216
60 RQ_d183 1 0.7515078536576544
60 RQ_d191 2 0.7050215074857288
60 RQ_d184 3 0.6220462852341281
60 RQ_d204 4 0.6179215396599704
60 RQ_d272 5 0.6066517982154277
60 RQ_d264 6 0.6044386633465976
60 RQ_d285 7 0.6042290108136943
60 RQ_d202 8 0.6041252676532485
60 RQ_d190 9 0.6022009351120996
60 RQ_d270 10 0.6003696909996231
60 RQ_d203 11 0.5967542229971379
60 RQ_d189 12 0.5741857816615008
60 RQ_d186 13 0.5662564979675435
60 RQ_d265 14 0.5641068608662811
60 RQ_d208 15 0.5429448235341731
60 RQ_d185 16 0.5240300975887873
60 RQ_d188 17 0.5192531858025616
60 RQ_d266 18 0.5001705663254371
60 RQ_d311 19 0.49824525631760525
60 RQ_d206 20 0.49503512453560844
60 RQ_d182 21 0.48174210544006013
60 RQ_d263 22 0.4816960804220533
60 RQ_d271 23 0.4468623140327109
60 RQ_d287 24 0.44617381444415394
60 RQ_d211 25 0.43967436515539343
60 RQ_d210 26 0.4385263821532462
60 RQ_d283 27 0.43433514959656944
60 RQ_d207 28 0.4091406021204427
60 RQ_d269 29 0.40756242546379007
60 RQ_d273 30 0.40559415354550943
60 RQ_d267 31 0.3724883428234371
60 RQ_d286 32 0.3560480399586625
60 RQ_d209 33 0.3519763766993052
60 RQ_d268 34 0.331289870638947
60 RQ_d274 35 0.3101383223280657
60 RQ_d205 36 0.263928602835284
61 RQ_d254 0 0.8350736175032207
61 RQ_d183 1 0.7515075949734961
61 RQ_d252 2 0.7162729695628806
61 RQ_d213 3 0.7118311704723133
61 RQ_d255 4 0.7117314954841951
61 RQ_d212 5 0.6364658426147247
61 RQ_d217 6 0.6163996371689591
61 RQ_d63 7 0.6024135794205119
61 RQ_d260 8 0.6018820281367436
61 RQ_d186 9 0.5662826065900946
61 RQ_d34 10 0.565707514117465
61 RQ_d234 11 0.5318570909596112
61 RQ_d131 12 0.5158867936032945
61 RQ_d146 13 0.5105685356508839
61 RQ_d233 14 0.4780196411356856
61 RQ_d240 15 0.47238709085659925
61 RQ_d216 16 0.46352832136323846
61 RQ_d250 17 0.45261753113142056
61 RQ_d235 18 0.42051419354697916
61 RQ_d128 19 0.4088333731798109
61 RQ_d214 20 0.3974807038972791
61 RQ_d236 21 0.38945938402577357
61 RQ_d99 22 0.36734777485715225
61 RQ_d249 23 0.3541302833727861
61 RQ_d129 24 0.3364645977473605
61 RQ_d95 25 0.3301876391802999
62 RQ_d219 0 0.6052758320758914
62 RQ_d108 1 0.6031210808733531
62 RQ_d217 2 0.5992152670088563
62 RQ_d275 3 0.5717930640883325
62 RQ_d221 4 0.5687866399734602
62 RQ_d218 5 0.49429538297489334
62 RQ_d220 6 0.4148550549590226
62 RQ_d128 7 0.4088372719196256
62 RQ_d277 8 0.4028918246860257
62 RQ_d41 9 0.3982864459608051
62 RQ_d279 10 0.38349160828738815
62 RQ_d276 11 0.3685909846094485
62 RQ_d99 12 0.36733240855621174
62 RQ_d96 13 0.36273992296139795
62 RQ_d177 14 0.33583838281982015
63 RQ_d254 0 0.8350735990257808
63 RQ_d253 1 0.8109136689154277
63 RQ_d226 2 0.8007157798500626
63 RQ_d252 3 0.7162682393382712
63 RQ_d255 4 0.711726728304706
63 RQ_d225 5 0.6513747065469211
63 RQ_d224 6 0.6336015546997905
63 RQ_d105 7 0.6052993129325409
63 RQ_d256 8 0.5924422371786116
63 RQ_d289 9 0.5436049588507946
63 RQ_d222 10 0.5126276738821135
63 RQ_d223 11 0.4469465011629816
64 RQ_d184 0 0.6220490198952304
64 RQ_d157 1 0.5761477794402179
64 RQ_d265 2 0.5640221233269899
64 RQ_d304 3 0.5449207026300044
64 RQ_d305 4 0.47332807668482424
64 RQ_d309 5 0.43475469274076284
64 RQ_d228 6 0.4315997732069141
64 RQ_d229 7 0.4254769488375888
64 RQ_d306 8 0.36506323699788373
64 RQ_d231 9 0.3636676555485054
64 RQ_d227 10 0.3400668545511399
64 RQ_d230 11 0.3239091525396184
64 RQ_d307 12 0.30274254720600324
64 RQ_d303 13 0.2944707031068809
65 RQ_d254 0 0.8350736175032207
65 RQ_d252 1 0.7268969246934577
65 RQ_d255 2 0.7117366876448015
65 RQ_d93 3 0.6437860030203377
65 RQ_d92 4 0.6437810510664498
65 RQ_d217 5 0.629832103109673
65 RQ_d105 6 0.6052993498874206
65 RQ_d260 7 0.6018991936783924
65 RQ_d94 8 0.596477387121364
65 RQ_d234 9 0.5318550630605843
65 RQ_d185 10 0.5239906667320825
65 RQ_d131 11 0.5158891679543192
65 RQ_d146 12 0.510567286114012
65 RQ_d233 13 0.478019895200484
65 RQ_d240 14 0.47238489204125345
65 RQ_d215 15 0.4644308796818124
65 RQ_d250 16 0.4526030448185544
65 RQ_d271 17 0.44688537387768157
65 RQ_d235 18 0.4205138748111412
65 RQ_d128 19 0.40884001581944784
65 RQ_d41 20 0.3982862427089664
65 RQ_d214 21 0.3974930006335195
65 RQ_d236 22 0.38945977847580854
65 RQ_d99 23 0.3673538955091126
65 RQ_d96 24 0.3627269102243622
65 RQ_d249 25 0.354131696896937
65 RQ_d95 26 0.33018780547725884
66 RQ_d9 0 0.609771792947074
66 RQ_d258 1 0.6053702397506701
66 RQ_d84 2 0.6049986569596665
66 RQ_d63 3 0.6024135794205119
66 RQ_d259 4 0.6015442929958748
66 RQ_d82 5 0.6006992542158677
66 RQ_d121 6 0.5990466527711091
66 RQ_d315 7 0.5985608300136319
66 RQ_d260 8 0.5969625945429935
66 RQ_d316 9 0.594713774286471
66 RQ_d314 10 0.5936038412409701
66 RQ_d123 11 0.5871089525216788
66 RQ_d317 12 0.5821880308717218
66 RQ_d189 13 0.5742063193359278
66 RQ_d238 14 0.5556073672978604
66 RQ_d241 15 0.5433319391291276
66 RQ_d257 16 0.5054481008211099
66 RQ_d32 17 0.4886785378858232
66 RQ_d11 18 0.4873868493134864
66 RQ_d240 19 0.4723715882845396
66 RQ_d97 20 0.4556386035794472
66 RQ_d239 21 0.43714021474702824
66 RQ_d41 22 0.3982894300673458
66 RQ_d193 23 0.39350220879783426
66 RQ_d196 24 0.3885102813606013
66 RQ_d99 25 0.367352142462004
66 RQ_d96 26 0.36271515395323833
66 RQ_d101 27 0.34166593460612016
66 RQ_d95 28 0.3301776244078848
66 RQ_d98 29 0.30405672167265313
67 RQ_d226 0 0.8007157798500626
67 RQ_d160 1 0.6462796369024176
67 RQ_d143 2 0.6119149611966195
67 RQ_d6 3 0.6110634296634327
67 RQ_d4 4 0.6085524477743981
67 RQ_d114 5 0.5992082309428726
67 RQ_d315 6 0.5985588529275646
67 RQ_d260 7 0.5956555189232959
67 RQ_d314 8 0.5932422931748309
67 RQ_d130 9 0.5924798412244895
67 RQ_d221 10 0.5687894485443221
67 RQ_d280 11 0.5623643360166787
67 RQ_d144 12 0.5606501361098437
67 RQ_d168 13 0.5558870512027034
67 RQ_d294 14 0.5532500445143617
67 RQ_d48 15 0.5106202733336853
67 RQ_d292 16 0.5092396061656298
67 RQ_d65 17 0.5063280202536812
67 RQ_d257 18 0.5054533668914758
67 RQ_d242 19 0.4984770092279413
67 RQ_d153 20 0.49731312906736946
67 RQ_d218 21 0.4943040673716371
67 RQ_d100 22 0.48030097105381525
67 RQ_d78 23 0.46951927152871314
67 RQ_d97 24 0.4556753182524895
67 RQ_d228 25 0.43159955797361055
67 RQ_d187 26 0.4197051673480626
67 RQ_d302 27 0.40716534530848925
67 RQ_d277 28 0.40289399578521157
67 RQ_d279 29 0.38350399741082797
67 RQ_d232 30 0.36160575146041846
67 RQ_d89 31 0.35283101674381856
67 RQ_d80 32 0.35207019383354277
67 RQ_d209 33 0.35196745209584296
67 RQ_d299 34 0.34799683538110127
67 RQ_d101 35 0.3416659301672039
67 RQ_d95 36 0.3301856574748728
67 RQ_d230 37 0.32392092035914216
67 RQ_d313 38 0.2634715507789851
68 RQ_d172 0 0.7736747058124489
68 RQ_d59 1 0.725531674787158
68 RQ_d213 2 0.7118263848153843
68 RQ_d1 3 0.7079262500824408
68 RQ_d3 4 0.6974826663821555
68 RQ_d35 5 0.6585854142436333
68 RQ_d52 6 0.6292522844143874
68 RQ_d51 7 0.603192737352567
68 RQ_d157 8 0.5761490359061299
68 RQ_d189 9 0.5741833842136763
68 RQ_d280 10 0.5620758107929467
68 RQ_d247 11 0.5371116618677643
68 RQ_d242 12 0.4984760576397875
68 RQ_d250 13 0.45261964679828687
68 RQ_d271 14 0.4468745276204718
68 RQ_d49 15 0.42299896717273344
68 RQ_d41 16 0.3982817619297954
68 RQ_d99 17 0.36734369827197866
68 RQ_d96 18 0.36272959869186483
68 RQ_d249 19 0.3541308792702223
68 RQ_d80 20 0.3521272521678934
69 RQ_d254 0 0.8350735990257808
69 RQ_d253 1 0.8109094930140147
69 RQ_d226 2 0.8007158168049424
69 RQ_d252 3 0.7162610516141578
69 RQ_d255 4 0.7117296477402071
69 RQ_d225 5 0.6513747065469211
69 RQ_d224 6 0.6336073196610331
69 RQ_d105 7 0.6052993129325409
69 RQ_d256 8 0.5924587560098646
69 RQ_d289 9 0.5436704428977306
69 RQ_d223 10 0.4469472956928965
7 RQ_d29 0 0.840427616136094
7 RQ_d179 1 0.7707728179894489
7 RQ_d58 2 0.7365943868246031
7 RQ_d191 3 0.7050533071597629
7 RQ_d312 4 0.6949303744073163
7 RQ_d20 5 0.6499214763091471
7 RQ_d52 6 0.6292526170083051
7 RQ_d57 7 0.6233957578879235
7 RQ_d6 8 0.6110634296634327
7 RQ_d8 9 0.6110296593763918
7 RQ_d9 10 0.609771792947074
7 RQ_d38 11 0.6094361257178215
7 RQ_d60 12 0.6089406676407557
7 RQ_d61 13 0.6085962609266462
7 RQ_d4 14 0.6085524477743981
7 RQ_d23 15 0.607863272366898
7 RQ_d62 16 0.6076168586230256
7 RQ_d7 17 0.6073066835434316
7 RQ_d105 18 0.6052993498874206
7 RQ_d46 19 0.6051567370345644
7 RQ_d202 20 0.6040730873630263
7 RQ_d51 21 0.6031927743074468
7 RQ_d181 22 0.5983411292468758
7 RQ_d24 23 0.5967586979484899
7 RQ_d221 24 0.5687888018339262
7 RQ_d180 25 0.5652269349177194
7 RQ_d25 26 0.5542439661188153
7 RQ_d79 27 0.5127603832745836
7 RQ_d48 28 0.5106202733336853
7 RQ_d12 29 0.5062695598148144
7 RQ_d16 30 0.5050773029982363
7 RQ_d107 31 0.5013952128027375
7 RQ_d14 32 0.4997453582218985
7 RQ_d311 33 0.49824551500176356
7 RQ_d195 34 0.4972762736566027
7 RQ_d21 35 0.49386593785605787
7 RQ_d18 36 0.4924724323549119
7 RQ_d13 37 0.49028737463159033
7 RQ_d10 38 0.4896992856999133
7 RQ_d32 39 0.48867851940838336
7 RQ_d56 40 0.48820620805378434
7 RQ_d11 41 0.4873867754037269
7 RQ_d17 42 0.482853183080635
7 RQ_d33 43 0.47537694050999246
7 RQ_d22 44 0.47085675218611855
7 RQ_d31 45 0.47072110315917604
7 RQ_d78 46 0.46951927152871314
7 RQ_d47 47 0.46928007423798074
7 RQ_d128 48 0.40884132771767934
7 RQ_d19 49 0.4022926561077772
7 RQ_d55 50 0.3152015759544519
7 RQ_d15 51 0.2725552050350659
70 RQ_d91 0 0.7756704411187032
70 RQ_d38 1 0.6094360518080619
70 RQ_d258 2 0.6053702397506701
70 RQ_d259 3 0.6015442190861152
70 RQ_d261 4 0.5981188128094688
70 RQ_d37 5 0.5971861053528527
70 RQ_d260 6 0.5956646467785969
70 RQ_d44 7 0.5704148930389601
71 RQ_d178 0 0.8097894956858216
71 RQ_d191 1 0.7049995008548312
71 RQ_d204 2 0.6179265747623379
71 RQ_d272 3 0.606663937893429
71 RQ_d264 4 0.6048294612000674
71 RQ_d202 5 0.6040960455820776
71 RQ_d190 6 0.6022014524804162
71 RQ_d270 7 0.6003697649093825
71 RQ_d203 8 0.5967542599520177
71 RQ_d76 9 0.5947370986361933
71 RQ_d70 10 0.5764370466232419
71 RQ_d189 11 0.5742032821067474
71 RQ_d262 12 0.5740051621045394
71 RQ_d73 13 0.5712506234151771
71 RQ_d72 14 0.5699104028580988
71 RQ_d265 15 0.5640263916156022
71 RQ_d77 16 0.5562882197632076
71 RQ_d208 17 0.54284025970189
71 RQ_d188 18 0.5192436329661434
71 RQ_d155 19 0.5099242782500109
71 RQ_d266 20 0.5001757769634835
71 RQ_d311 21 0.4982456258664028
71 RQ_d206 22 0.4950378037643911
71 RQ_d263 23 0.48170657560790536
71 RQ_d271 24 0.44685593931595213
71 RQ_d211 25 0.43944092117994477
71 RQ_d210 26 0.43849509060880876
71 RQ_d269 27 0.4374848562771026
71 RQ_d207 28 0.4091142163362935
71 RQ_d273 29 0.40559308185399634
71 RQ_d277 30 0.40293653085181624
71 RQ_d267 31 0.3724669886771354
71 RQ_d209 32 0.35196731813440385
71 RQ_d268 33 0.3312929448230071
71 RQ_d274 34 0.3101220252260912
71 RQ_d74 35 0.2992934076991796
71 RQ_d205 36 0.2639332961050136
71 RQ_d71 37 0.2517201819150844
72 RQ_d178 0 0.8097894956858216
72 RQ_d183 1 0.7515073732442175
72 RQ_d191 2 0.7050614557107501
72 RQ_d184 3 0.622047227583562
72 RQ_d204 4 0.6179723710970813
72 RQ_d272 5 0.6066149542003062
72 RQ_d264 6 0.6048295905421467
72 RQ_d285 7 0.6042290847234538
72 RQ_d202 8 0.6040958839044788
72 RQ_d190 9 0.6022014524804162
72 RQ_d270 10 0.6003697649093825
72 RQ_d203 11 0.5967542229971379
72 RQ_d76 12 0.5947354541440438
72 RQ_d70 13 0.5764415551185726
72 RQ_d189 14 0.574200117845168
72 RQ_d262 15 0.5739536285247131
72 RQ_d73 16 0.5713907008869101
72 RQ_d72 17 0.5698796009658181
72 RQ_d186 18 0.5662866531494283
72 RQ_d265 19 0.564011591186258
72 RQ_d77 20 0.5562842840685132
72 RQ_d208 21 0.5428576100179376
72 RQ_d185 22 0.5239885787813761
72 RQ_d188 23 0.5192517815171307
72 RQ_d155 24 0.5096806532051882
72 RQ_d266 25 0.5001660393526665
72 RQ_d311 26 0.49824601389264034
72 RQ_d206 27 0.4950191969824316
72 RQ_d182 28 0.4817387610234418
72 RQ_d263 29 0.48171226665938854
72 RQ_d271 30 0.44688573418775923
72 RQ_d287 31 0.4461741470380718
72 RQ_d211 32 0.4396760096475428
72 RQ_d210 33 0.4384977513601515
72 RQ_d269 34 0.43745864602863227
72 RQ_d283 35 0.4343378288253521
72 RQ_d207 36 0.4091426346388295
72 RQ_d273 37 0.40550450100720986
72 RQ_d277 38 0.40292064025351915
72 RQ_d267 39 0.3724696910027179
72 RQ_d286 40 0.3560471507318683
72 RQ_d209 41 0.3519695446659094
72 RQ_d268 42 0.33129136731157727
72 RQ_d274 43 0.3102154009685267
72 RQ_d74 44 0.2992736379933476
72 RQ_d205 45 0.2639414446560009
72 RQ_d71 46 0.2517626846461692
73 RQ_d178 0 0.8097894956858216
73 RQ_d191 1 0.7049705467065387
73 RQ_d204 2 0.6179837993936474
73 RQ_d272 3 0.6065914878516581
73 RQ_d264 4 0.6047644945214481
73 RQ_d202 5 0.604005330590985
73 RQ_d190 6 0.602201489435296
73 RQ_d270 7 0.6003697649093825
73 RQ_d203 8 0.5967542599520177
73 RQ_d76 9 0.594757368387742
73 RQ_d70 10 0.5764321870565533
73 RQ_d189 11 0.574195484627118
73 RQ_d262 12 0.5739556610430999
73 RQ_d73 13 0.5712616174919058
73 RQ_d72 14 0.5699033629535043
73 RQ_d265 15 0.5639913214347092
73 RQ_d77 16 0.5562874991430523
73 RQ_d234 17 0.5318570978886512
73 RQ_d188 18 0.519255754166705
73 RQ_d155 19 0.5095805793907962
73 RQ_d266 20 0.500171046738874
73 RQ_d311 21 0.4982451084980862
73 RQ_d206 22 0.49503190946106923
73 RQ_d263 23 0.4817218010183668
73 RQ_d208 24 0.45733790221897985
73 RQ_d211 25 0.4537769200727289
73 RQ_d271 26 0.44685325084844957
73 RQ_d210 27 0.4385328215410445
73 RQ_d269 28 0.4374776408368293
73 RQ_d207 29 0.4091382647242978
73 RQ_d273 30 0.4055164559108124
73 RQ_d277 31 0.4028370667929402
73 RQ_d267 32 0.3724696910027179
73 RQ_d209 33 0.35196091108212535
73 RQ_d268 34 0.33128974591622784
73 RQ_d274 35 0.3102435975417841
73 RQ_d74 36 0.29929482353301046
73 RQ_d205 37 0.26394382824574547
73 RQ_d71 38 0.25178377664379265
74 RQ_d219 0 0.605623743791399
74 RQ_d108 1 0.6031197689751215
74 RQ_d217 2 0.5991841556194577
74 RQ_d275 3 0.5717983671135781
74 RQ_d278 4 0.5278456936963218
74 RQ_d218 5 0.4942962883694475
74 RQ_d295 6 0.42883255035896367
74 RQ_d220 7 0.414852061613762
74 RQ_d128 8 0.40883571057595575
74 RQ_d277 9 0.4029171849722615
74 RQ_d41 10 0.39828841380815233
74 RQ_d279 11 0.38351574906259184
74 RQ_d276 12 0.3685988144245978
74 RQ_d99 13 0.3673322792141326
74 RQ_d96 14 0.36274355839769445
74 RQ_d177 15 0.335838396822255
75 RQ_d226 0 0.8007158168049424
75 RQ_d160 1 0.6463132104106802
75 RQ_d143 2 0.6119149796740593
75 RQ_d6 3 0.6110634296634327
75 RQ_d4 4 0.6085524477743981
75 RQ_d260 5 0.6019017066102161
75 RQ_d114 6 0.5991796093884979
75 RQ_d315 7 0.5985616060661069
75 RQ_d314 8 0.593356409843532
75 RQ_d130 9 0.5925803400199988
75 RQ_d221 10 0.5687881920784101
75 RQ_d280 11 0.5620814833669899
75 RQ_d144 12 0.560609772142425
75 RQ_d168 13 0.5558870211768636
75 RQ_d294 14 0.5532670437590516
75 RQ_d187 15 0.5135866280743238
75 RQ_d48 16 0.5106202733336853
75 RQ_d288 17 0.5099931110299695
75 RQ_d292 18 0.5091716830966295
75 RQ_d65 19 0.5063280202536812
75 RQ_d257 20 0.5054557042876208
75 RQ_d242 21 0.4984777252287366
75 RQ_d153 22 0.4973130182027302
75 RQ_d218 23 0.49423220860794237
75 RQ_d100 24 0.4803235458659891
75 RQ_d78 25 0.46951927152871314
75 RQ_d281 26 0.46339123782228187
75 RQ_d284 27 0.46025301305148225
75 RQ_d97 28 0.45568093539421317
75 RQ_d287 29 0.44617364814719496
75 RQ_d283 30 0.43433803207719074
75 RQ_d228 31 0.43159922826679264
75 RQ_d302 32 0.40716538803756896
75 RQ_d277 33 0.4029090918535939
75 RQ_d279 34 0.3835135502472461
75 RQ_d232 35 0.3615406138654802
75 RQ_d286 36 0.356037155591733
75 RQ_d89 37 0.35280556868974333
75 RQ_d80 38 0.3521463994149694
75 RQ_d209 39 0.3519743257034785
75 RQ_d299 40 0.34799746361405726
75 RQ_d101 41 0.34166593543616136
75 RQ_d95 42 0.3301763402258131
75 RQ_d230 43 0.32392722347582137
75 RQ_d282 44 0.30184192325855747
75 RQ_d313 45 0.26347184944947816
76 RQ_d226 0 0.8007158168049424
76 RQ_d160 1 0.6463195481725592
76 RQ_d143 2 0.6119149242417397
76 RQ_d6 3 0.6110634296634327
76 RQ_d4 4 0.6085524108195183
76 RQ_d260 5 0.601897087250246
76 RQ_d114 6 0.5992396795455489
76 RQ_d315 7 0.5985624745057813
76 RQ_d314 8 0.5933484091120638
76 RQ_d130 9 0.592488100640116
76 RQ_d221 10 0.5687893376796829
76 RQ_d110 11 0.567547094563815
76 RQ_d280 12 0.562108977797532
76 RQ_d144 13 0.5606476716812997
76 RQ_d168 14 0.5558853443491945
76 RQ_d294 15 0.5532511716381944
76 RQ_d200 16 0.5332444132226684
76 RQ_d48 17 0.5106202733336853
76 RQ_d288 18 0.5099745781577695
76 RQ_d292 19 0.5093072520730318
76 RQ_d65 20 0.5063279832988014
76 RQ_d257 21 0.5054643424907648
76 RQ_d107 22 0.50137165406689
76 RQ_d242 23 0.4984752146065929
76 RQ_d153 24 0.4973130182027302
76 RQ_d218 25 0.49427158403232746
76 RQ_d100 26 0.48029820867655315
76 RQ_d78 27 0.46951927152871314
76 RQ_d281 28 0.4633715593488093
76 RQ_d284 29 0.46024552968833077
76 RQ_d97 30 0.4556358873957848
76 RQ_d223 31 0.44695102813575227
76 RQ_d287 32 0.44617364814719496
76 RQ_d309 33 0.43475977172704994
76 RQ_d283 34 0.4343427992566799
76 RQ_d228 35 0.4315986489701814
76 RQ_d187 36 0.41968265258756837
76 RQ_d302 37 0.4071632712158627
76 RQ_d277 38 0.4028762297267666
76 RQ_d279 39 0.3835020110860408
76 RQ_d232 40 0.36158541241847014
76 RQ_d286 41 0.35603532748002487
76 RQ_d89 42 0.35282280352179174
76 RQ_d80 43 0.3520672143463621
76 RQ_d209 44 0.3519744504261977
76 RQ_d299 45 0.34799990263612146
76 RQ_d101 46 0.34166593272950513
76 RQ_d95 47 0.33017994794594974
76 RQ_d230 48 0.32392636889422693
76 RQ_d282 49 0.30176630433584706
76 RQ_d313 50 0.26347157098868496
77 RQ_d226 0 0.8007158168049424
77 RQ_d160 1 0.6462920537420173
77 RQ_d143 2 0.6119149611966195
77 RQ_d6 3 0.6110634296634327
77 RQ_d4 4 0.6085524477743981
77 RQ_d260 5 0.6018998219113485
77 RQ_d114 6 0.5991746020022903
77 RQ_d315 7 0.5985661330388775
77 RQ_d314 8 0.5933058001356997
77 RQ_d130 9 0.592577993385134
77 RQ_d221 10 0.568790076777278
77 RQ_d280 11 0.5636308536558389
77 RQ_d144 12 0.5606097398069053
77 RQ_d168 13 0.5558862127888688
77 RQ_d294 14 0.5532512640253937
77 RQ_d48 15 0.5106202733336853
77 RQ_d292 16 0.5092126106259647
77 RQ_d65 17 0.5063279463439216
77 RQ_d257 18 0.505460286692711
77 RQ_d242 19 0.49847629322714593
77 RQ_d153 20 0.49731305515760993
77 RQ_d218 21 0.494232411859781
77 RQ_d100 22 0.480315378837562
77 RQ_d78 23 0.46951927152871314
77 RQ_d97 24 0.4556497454756951
77 RQ_d228 25 0.43159980698598394
77 RQ_d187 26 0.4203141652890798
77 RQ_d302 27 0.4071639849069781
77 RQ_d277 28 0.4029553963179341
77 RQ_d279 29 0.38350481503754263
77 RQ_d232 30 0.36158342147432304
77 RQ_d89 31 0.35282507624689696
77 RQ_d80 32 0.3520623316828737
77 RQ_d209 33 0.351962504761315
77 RQ_d299 34 0.347966458469938
77 RQ_d101 35 0.3416659362662026
77 RQ_d95 36 0.3301751345728609
77 RQ_d230 37 0.3239111088385657
77 RQ_d313 38 0.2634715221966953
78 RQ_d226 0 0.8007158168049424
78 RQ_d160 1 0.6463024750181098
78 RQ_d143 2 0.6119149796740593
78 RQ_d6 3 0.6110634296634327
78 RQ_d4 4 0.6085524477743981
78 RQ_d114 5 0.5991799604598557
78 RQ_d315 6 0.5985576888488522
78 RQ_d260 7 0.596173552427782
78 RQ_d314 8 0.5933425887185015
78 RQ_d130 9 0.5925206024568656
78 RQ_d221 10 0.5687815771549329
78 RQ_d280 11 0.563937117221856
78 RQ_d144 12 0.5606298039969354
78 RQ_d168 13 0.5558868340927847
78 RQ_d294 14 0.5532593386666215
78 RQ_d48 15 0.5106202733336853
78 RQ_d292 16 0.5092253046271624
78 RQ_d65 17 0.5063279832988014
78 RQ_d257 18 0.5054668831387483
78 RQ_d242 19 0.4984761685044267
78 RQ_d153 20 0.49731305515760993
78 RQ_d218 21 0.4943214915974443
78 RQ_d100 22 0.4805233516621355
78 RQ_d78 23 0.46951927152871314
78 RQ_d97 24 0.45563695908729784
78 RQ_d228 25 0.4315986772637612
78 RQ_d187 26 0.4196573477336522
78 RQ_d300 27 0.4177276898783567
78 RQ_d302 28 0.40716532221168944
78 RQ_d277 29 0.4029304517740956
78 RQ_d279 30 0.38348548301606783
78 RQ_d99 31 0.3673510338156112
78 RQ_d232 32 0.36157408574782346
78 RQ_d89 33 0.3528017115241683
78 RQ_d80 34 0.35210877472801305
78 RQ_d209 35 0.3519632069040305
78 RQ_d299 36 0.34806344655187005
78 RQ_d101 37 0.3416659320438189
78 RQ_d95 38 0.3301888494526121
78 RQ_d230 39 0.323924040736802
78 RQ_d296 40 0.3107744228596695
78 RQ_d313 41 0.2634716434548945
79 RQ_d301 0 0.5434443270576856
79 RQ_d188 1 0.5192641059695309
79 RQ_d155 2 0.5096157973912081
79 RQ_d250 3 0.4525978803741078
79 RQ_d300 4 0.41773157937945155
79 RQ_d302 5 0.407166317683763
79 RQ_d41 6 0.39828526340465276
79 RQ_d96 7 0.3627360704151829
79 RQ_d299 8 0.3479754939380395
79 RQ_d244 9 0.32974534283531853
79 RQ_d298 10 0.22559928270625498
8 RQ_d172 0 0.7736729689331001
8 RQ_d59 1 0.725531674787158
8 RQ_d213 2 0.711787508281876
8 RQ_d1 3 0.7079262500824408
8 RQ_d3 4 0.6974826663821555
8 RQ_d119 5 0.6951708889588941
8 RQ_d35 6 0.6585859685668297
8 RQ_d198 7 0.6446693032530185
8 RQ_d52 8 0.629252653963185
8 RQ_d6 9 0.6110634296634327
8 RQ_d8 10 0.6110296963312715
8 RQ_d9 11 0.609771792947074
8 RQ_d50 12 0.6094749186612504
8 RQ_d60 13 0.6089406306858759
8 RQ_d61 14 0.6085962609266462
8 RQ_d4 15 0.6085524108195183
8 RQ_d62 16 0.6076163966870286
8 RQ_d7 17 0.6073066835434316
8 RQ_d51 18 0.6031928666946462
8 RQ_d63 19 0.6024135794205119
8 RQ_d259 20 0.6015442929958748
8 RQ_d171 21 0.5878631815971294
8 RQ_d2 22 0.570537510806143
8 RQ_d280 23 0.5620453045397042
8 RQ_d25 24 0.554243088440421
8 RQ_d5 25 0.5421915530589445
8 RQ_d247 26 0.5371116628782493
8 RQ_d242 27 0.4984784874231317
8 RQ_d115 28 0.49557935454790586
8 RQ_d250 29 0.4526137063013653
8 RQ_d201 30 0.44879328176365624
8 RQ_d49 31 0.42299905559017037
8 RQ_d80 32 0.3520695794586668
80 RQ_d304 0 0.5449159469989151
80 RQ_d305 1 0.4733252496365225
80 RQ_d309 2 0.43475822077693993
80 RQ_d228 3 0.43159862053224657
80 RQ_d306 4 0.36506402459875864
80 RQ_d231 5 0.3636256286114975
80 RQ_d227 6 0.34008125309616666
80 RQ_d230 7 0.32392736667598043
80 RQ_d307 8 0.30274289105961105
80 RQ_d303 9 0.2944921799549318
81 RQ_d312 0 0.6949303004975568
81 RQ_d310 1 0.6160630545399518
81 RQ_d308 2 0.6154921114308671
81 RQ_d311 3 0.49824601389264034
81 RQ_d309 4 0.43475957886877115
82 RQ_d113 0 0.6097334674416022
82 RQ_d258 1 0.6053702951829897
82 RQ_d259 2 0.6013236538862632
82 RQ_d114 3 0.5991692065898452
82 RQ_d121 4 0.5990469484101472
82 RQ_d315 5 0.5985639896558513
82 RQ_d260 6 0.5956539852957861
82 RQ_d316 7 0.5947138112413508
82 RQ_d314 8 0.5934523631888308
82 RQ_d123 9 0.587106772183773
82 RQ_d317 10 0.5821890286534753
82 RQ_d189 11 0.5741984594949386
82 RQ_d238 12 0.5555965395180905
82 RQ_d257 13 0.5054626425662958
82 RQ_d115 14 0.4950657186741113
82 RQ_d240 15 0.47237713151650373
82 RQ_d112 16 0.38192099485848213
82 RQ_d116 17 0.3391155901806104
9 RQ_d29 0 0.840427616136094
9 RQ_d254 1 0.8350736175032207
9 RQ_d26 2 0.7478315766048824
9 RQ_d53 3 0.7402000093305425
9 RQ_d28 4 0.7329533574161166
9 RQ_d213 5 0.7118278630105748
9 RQ_d27 6 0.6235411767368659
9 RQ_d204 7 0.6179291338877613
9 RQ_d43 8 0.6120818174681838
9 RQ_d259 9 0.6013234691118644
9 RQ_d2 10 0.5704864761171934
9 RQ_d25 11 0.5542420906586675
9 RQ_d241 12 0.543332021122767
9 RQ_d185 13 0.5239985750763513
9 RQ_d30 14 0.49275194046728177
9 RQ_d54 15 0.471924007383551
9 RQ_d128 16 0.4088289847878393
