1 RQ_d119 0 4.544426077236931
1 RQ_d7 1 4.345798361480615
1 RQ_d8 2 4.290057231831743
1 RQ_d213 3 4.085901776587258
1 RQ_d51 4 4.03897030058629
1 RQ_d9 5 3.952898313735599
1 RQ_d4 6 3.9354634877051367
1 RQ_d60 7 3.8890936260468876
1 RQ_d6 8 3.7021450296423533
1 RQ_d52 9 3.6201274944521113
1 RQ_d5 10 3.544153535103154
1 RQ_d198 11 3.4222444503428053
1 RQ_d62 12 3.4134983585167777
1 RQ_d250 13 3.281830468006219
1 RQ_d1 14 3.165267692404781
1 RQ_d3 15 3.1198963536768693
1 RQ_d63 16 3.0858639600334508
1 RQ_d171 17 2.980157385769046
1 RQ_d259 18 2.932464979030687
1 RQ_d35 19 2.891646161465497
1 RQ_d80 20 2.8213526805609863
1 RQ_d25 21 2.6847523870815873
1 RQ_d172 22 2.5587030503396506
1 RQ_d2 23 2.4938914595121036
1 RQ_d59 24 2.4715177283620364
1 RQ_d280 25 2.460325826701478
1 RQ_d201 26 2.152145303877034
1 RQ_d247 27 1.6906882298356403
1 RQ_d242 28 1.6345190941990029
2 RQ_d119 0 4.544426077236931
2 RQ_d38 1 4.4497489910269765
2 RQ_d70 2 4.446676934693241
2 RQ_d7 3 4.345798361480615
2 RQ_d69 4 4.34145814420765
2 RQ_d61 5 4.321901040892767
2 RQ_d8 6 4.290057231831743
2 RQ_d34 7 4.265654470237626
2 RQ_d23 8 4.219524508319562
2 RQ_d285 9 4.192697875857034
2 RQ_d151 10 4.152768367700383
2 RQ_d213 11 4.085901776587258
2 RQ_d36 12 4.078497578285794
2 RQ_d46 13 4.049237980034028
2 RQ_d51 14 4.03897030058629
2 RQ_d220 15 3.9831460734664765
2 RQ_d9 16 3.952898313735599
2 RQ_d4 17 3.9354634877051367
2 RQ_d60 18 3.8890936260468876
2 RQ_d77 19 3.881614511904624
2 RQ_d44 20 3.862069314437182
2 RQ_d161 21 3.8266558930238412
2 RQ_d20 22 3.768040101043108
2 RQ_d6 23 3.7021450296423533
2 RQ_d43 24 3.6824117142831394
2 RQ_d56 25 3.674877602700656
2 RQ_d52 26 3.6201274944521113
2 RQ_d236 27 3.5738930035372367
2 RQ_d192 28 3.570833590379636
2 RQ_d5 29 3.544153535103154
2 RQ_d115 30 3.5148101979427624
2 RQ_d30 31 3.4875206965315084
2 RQ_d26 32 3.4561868530995294
2 RQ_d234 33 3.4229335122565514
2 RQ_d198 34 3.4222444503428053
2 RQ_d62 35 3.4134983585167777
2 RQ_d64 36 3.3543979127751378
2 RQ_d53 37 3.341329263969568
2 RQ_d105 38 3.332910440771015
2 RQ_d272 39 3.3153159346663874
2 RQ_d54 40 3.2692213186481713
2 RQ_d193 41 3.1838292816011897
2 RQ_d1 42 3.165267692404781
2 RQ_d3 43 3.1198963536768693
2 RQ_d63 44 3.0858639600334508
2 RQ_d188 45 3.0798661779053513
2 RQ_d22 46 3.068913763382047
2 RQ_d47 47 3.068208949381813
2 RQ_d125 48 3.059753325752673
2 RQ_d183 49 3.0008793919192738
2 RQ_d174 50 2.975491918704942
2 RQ_d266 51 2.9753010611970847
2 RQ_d259 52 2.932464979030687
2 RQ_d12 53 2.9252707257559156
2 RQ_d118 54 2.8952445655494965
2 RQ_d287 55 2.8725443340532846
2 RQ_d48 56 2.846880386632562
2 RQ_d18 57 2.8462389682965714
2 RQ_d255 58 2.8141616644081346
2 RQ_d279 59 2.81128325328688
2 RQ_d75 60 2.798200686094012
2 RQ_d24 61 2.782285715881577
2 RQ_d79 62 2.769005910575407
2 RQ_d117 63 2.718125783453523
2 RQ_d229 64 2.7156420944956854
2 RQ_d150 65 2.7040112072335654
2 RQ_d25 66 2.6847523870815873
2 RQ_d99 67 2.6625308470844766
2 RQ_d207 68 2.6565053862390835
2 RQ_d196 69 2.6414690629446174
2 RQ_d170 70 2.603870258929831
2 RQ_d147 71 2.6001926933540696
2 RQ_d191 72 2.597550415229778
2 RQ_d19 73 2.5239688816963755
2 RQ_d162 74 2.5056582208653366
2 RQ_d124 75 2.5022190697599567
2 RQ_d2 76 2.4938914595121036
2 RQ_d59 77 2.4715177283620364
2 RQ_d280 78 2.460325826701478
2 RQ_d248 79 2.383415881934747
2 RQ_d286 80 2.3445189145488414
2 RQ_d257 81 2.33582683194513
2 RQ_d189 82 2.2744526071610096
2 RQ_d201 83 2.152145303877034
2 RQ_d134 84 2.051109806367143
2 RQ_d168 85 2.024591198566695
2 RQ_d149 86 1.9968504343495599
2 RQ_d50 87 1.9307382445963688
2 RQ_d202 88 1.882764997202618
2 RQ_d49 89 1.7205745793600051
2 RQ_d247 90 1.6906882298356403
2 RQ_d242 91 1.6345190941990029
3 RQ_d119 0 4.544426077236931
3 RQ_d7 1 4.345798361480615
3 RQ_d61 2 4.321901040892767
3 RQ_d8 3 4.290057231831743
3 RQ_d285 4 4.192697875857034
3 RQ_d151 5 4.152768367700383
3 RQ_d51 6 4.03897030058629
3 RQ_d220 7 3.9831460734664765
3 RQ_d9 8 3.952898313735599
3 RQ_d4 9 3.9354634877051367
3 RQ_d60 10 3.8890936260468876
3 RQ_d77 11 3.881614511904624
3 RQ_d6 12 3.7021450296423533
3 RQ_d43 13 3.6824117142831394
3 RQ_d52 14 3.6201274944521113
3 RQ_d236 15 3.5738930035372367
3 RQ_d5 16 3.544153535103154
3 RQ_d115 17 3.5148101979427624
3 RQ_d30 18 3.4875206965315084
3 RQ_d26 19 3.4561868530995294
3 RQ_d234 20 3.4229335122565514
3 RQ_d198 21 3.4222444503428053
3 RQ_d62 22 3.4134983585167777
3 RQ_d53 23 3.341329263969568
3 RQ_d272 24 3.3153159346663874
3 RQ_d54 25 3.2692213186481713
3 RQ_d193 26 3.1838292816011897
3 RQ_d1 27 3.165267692404781
3 RQ_d3 28 3.1198963536768693
3 RQ_d63 29 3.0858639600334508
3 RQ_d125 30 3.059753325752673
3 RQ_d183 31 3.0008793919192738
3 RQ_d259 32 2.932464979030687
3 RQ_d12 33 2.9252707257559156
3 RQ_d287 34 2.8725443340532846
3 RQ_d255 35 2.8141616644081346
3 RQ_d279 36 2.81128325328688
3 RQ_d117 37 2.718125783453523
3 RQ_d150 38 2.7040112072335654
3 RQ_d25 39 2.6847523870815873
3 RQ_d207 40 2.6565053862390835
3 RQ_d196 41 2.6414690629446174
3 RQ_d191 42 2.597550415229778
3 RQ_d19 43 2.5239688816963755
3 RQ_d162 44 2.5056582208653366
3 RQ_d124 45 2.5022190697599567
3 RQ_d2 46 2.4938914595121036
3 RQ_d59 47 2.4715177283620364
3 RQ_d280 48 2.460325826701478
3 RQ_d201 49 2.152145303877034
3 RQ_d168 50 2.024591198566695
3 RQ_d149 51 1.9968504343495599
3 RQ_d50 52 1.9307382445963688
3 RQ_d202 53 1.882764997202618
3 RQ_d49 54 1.7205745793600051
4 RQ_d194 0 4.804241798801475
4 RQ_d119 1 4.544426077236931
4 RQ_d7 2 4.345798361480615
4 RQ_d8 3 4.290057231831743
4 RQ_d13 4 4.286899552078831
4 RQ_d23 5 4.219524508319562
4 RQ_d11 6 4.192228946026122
4 RQ_d151 7 4.152768367700383
4 RQ_d46 8 4.049237980034028
4 RQ_d9 9 3.952898313735599
4 RQ_d4 10 3.9354634877051367
4 RQ_d16 11 3.899092483632256
4 RQ_d32 12 3.8011939173496363
4 RQ_d20 13 3.768040101043108
4 RQ_d6 14 3.7021450296423533
4 RQ_d56 15 3.674877602700656
4 RQ_d21 16 3.5743056575702297
4 RQ_d5 17 3.544153535103154
4 RQ_d165 18 3.4487762546817047
4 RQ_d297 19 3.3592738389547683
4 RQ_d14 20 3.3522152253598043
4 RQ_d15 21 3.3274232458537876
4 RQ_d143 22 3.210427982980527
4 RQ_d1 23 3.165267692404781
4 RQ_d58 24 3.160092252248432
4 RQ_d3 25 3.1198963536768693
4 RQ_d311 26 3.108215606667982
4 RQ_d63 27 3.0858639600334508
4 RQ_d22 28 3.068913763382047
4 RQ_d47 29 3.068208949381813
4 RQ_d33 30 2.9572672626536676
4 RQ_d12 31 2.9252707257559156
4 RQ_d10 32 2.9152922568330286
4 RQ_d48 33 2.846880386632562
4 RQ_d18 34 2.8462389682965714
4 RQ_d78 35 2.8275110089645414
4 RQ_d24 36 2.782285715881577
4 RQ_d79 37 2.769005910575407
4 RQ_d31 38 2.753018621928064
4 RQ_d55 39 2.7521036172166515
4 RQ_d17 40 2.5965150129984376
4 RQ_d19 41 2.5239688816963755
4 RQ_d179 42 2.2049702657421606
4 RQ_d284 43 2.0134560415916676
4 RQ_d313 44 1.8373020235041684
5 RQ_d194 0 4.804241798801475
5 RQ_d119 1 4.544426077236931
5 RQ_d7 2 4.345798361480615
5 RQ_d8 3 4.290057231831743
5 RQ_d13 4 4.286899552078831
5 RQ_d23 5 4.219524508319562
5 RQ_d11 6 4.192228946026122
5 RQ_d151 7 4.152768367700383
5 RQ_d46 8 4.049237980034028
5 RQ_d9 9 3.952898313735599
5 RQ_d4 10 3.9354634877051367
5 RQ_d16 11 3.899092483632256
5 RQ_d32 12 3.8011939173496363
5 RQ_d20 13 3.768040101043108
5 RQ_d6 14 3.7021450296423533
5 RQ_d56 15 3.674877602700656
5 RQ_d21 16 3.5743056575702297
5 RQ_d5 17 3.544153535103154
5 RQ_d165 18 3.4487762546817047
5 RQ_d297 19 3.3592738389547683
5 RQ_d14 20 3.3522152253598043
5 RQ_d15 21 3.3274232458537876
5 RQ_d143 22 3.210427982980527
5 RQ_d1 23 3.165267692404781
5 RQ_d58 24 3.160092252248432
5 RQ_d3 25 3.1198963536768693
5 RQ_d311 26 3.108215606667982
5 RQ_d63 27 3.0858639600334508
5 RQ_d22 28 3.068913763382047
5 RQ_d47 29 3.068208949381813
5 RQ_d33 30 2.9572672626536676
5 RQ_d12 31 2.9252707257559156
5 RQ_d10 32 2.9152922568330286
5 RQ_d48 33 2.846880386632562
5 RQ_d18 34 2.8462389682965714
5 RQ_d78 35 2.8275110089645414
5 RQ_d24 36 2.782285715881577
5 RQ_d79 37 2.769005910575407
5 RQ_d31 38 2.753018621928064
5 RQ_d55 39 2.7521036172166515
5 RQ_d17 40 2.5965150129984376
5 RQ_d19 41 2.5239688816963755
5 RQ_d179 42 2.2049702657421606
5 RQ_d284 43 2.0134560415916676
5 RQ_d313 44 1.8373020235041684
6 RQ_d13 0 4.286899552078831
6 RQ_d23 1 4.219524508319562
6 RQ_d11 2 4.192228946026122
6 RQ_d46 3 4.049237980034028
6 RQ_d16 4 3.899092483632256
6 RQ_d32 5 3.8011939173496363
6 RQ_d20 6 3.768040101043108
6 RQ_d56 7 3.674877602700656
6 RQ_d21 8 3.5743056575702297
6 RQ_d14 9 3.3522152253598043
6 RQ_d15 10 3.3274232458537876
6 RQ_d58 11 3.160092252248432
6 RQ_d311 12 3.108215606667982
6 RQ_d22 13 3.068913763382047
6 RQ_d47 14 3.068208949381813
6 RQ_d33 15 2.9572672626536676
6 RQ_d12 16 2.9252707257559156
6 RQ_d10 17 2.9152922568330286
6 RQ_d48 18 2.846880386632562
6 RQ_d18 19 2.8462389682965714
6 RQ_d78 20 2.8275110089645414
6 RQ_d24 21 2.782285715881577
6 RQ_d79 22 2.769005910575407
6 RQ_d31 23 2.753018621928064
6 RQ_d55 24 2.7521036172166515
6 RQ_d17 25 2.5965150129984376
6 RQ_d19 26 2.5239688816963755
7 RQ_d38 0 4.4497489910269765
7 RQ_d312 1 4.396392100798799
7 RQ_d7 2 4.345798361480615
7 RQ_d61 3 4.321901040892767
7 RQ_d8 4 4.290057231831743
7 RQ_d13 5 4.286899552078831
7 RQ_d23 6 4.219524508319562
7 RQ_d11 7 4.192228946026122
7 RQ_d46 8 4.049237980034028
7 RQ_d51 9 4.03897030058629
7 RQ_d221 10 3.9823538858142884
7 RQ_d9 11 3.952898313735599
7 RQ_d4 12 3.9354634877051367
7 RQ_d107 13 3.9155824244853465
7 RQ_d16 14 3.899092483632256
7 RQ_d60 15 3.8890936260468876
7 RQ_d32 16 3.8011939173496363
7 RQ_d20 17 3.768040101043108
7 RQ_d195 18 3.711194997132163
7 RQ_d6 19 3.7021450296423533
7 RQ_d56 20 3.674877602700656
7 RQ_d128 21 3.6219871101710646
7 RQ_d52 22 3.6201274944521113
7 RQ_d21 23 3.5743056575702297
7 RQ_d29 24 3.5582866155314545
7 RQ_d62 25 3.4134983585167777
7 RQ_d14 26 3.3522152253598043
7 RQ_d105 27 3.332910440771015
7 RQ_d15 28 3.3274232458537876
7 RQ_d58 29 3.160092252248432
7 RQ_d311 30 3.108215606667982
7 RQ_d22 31 3.068913763382047
7 RQ_d47 32 3.068208949381813
7 RQ_d33 33 2.9572672626536676
7 RQ_d57 34 2.9326738965925667
7 RQ_d12 35 2.9252707257559156
7 RQ_d10 36 2.9152922568330286
7 RQ_d48 37 2.846880386632562
7 RQ_d18 38 2.8462389682965714
7 RQ_d78 39 2.8275110089645414
7 RQ_d181 40 2.7924607433550825
7 RQ_d24 41 2.782285715881577
7 RQ_d180 42 2.770373602454591
7 RQ_d79 43 2.769005910575407
7 RQ_d31 44 2.753018621928064
7 RQ_d55 45 2.7521036172166515
7 RQ_d25 46 2.6847523870815873
7 RQ_d191 47 2.597550415229778
7 RQ_d17 48 2.5965150129984376
7 RQ_d19 49 2.5239688816963755
7 RQ_d179 50 2.2049702657421606
7 RQ_d202 51 1.882764997202618
8 RQ_d119 0 4.544426077236931
8 RQ_d7 1 4.345798361480615
8 RQ_d61 2 4.321901040892767
8 RQ_d8 3 4.290057231831743
8 RQ_d213 4 4.085901776587258
8 RQ_d51 5 4.03897030058629
8 RQ_d9 6 3.952898313735599
8 RQ_d4 7 3.9354634877051367
8 RQ_d60 8 3.8890936260468876
8 RQ_d6 9 3.7021450296423533
8 RQ_d52 10 3.6201274944521113
8 RQ_d5 11 3.544153535103154
8 RQ_d115 12 3.5148101979427624
8 RQ_d198 13 3.4222444503428053
8 RQ_d62 14 3.4134983585167777
8 RQ_d250 15 3.281830468006219
8 RQ_d1 16 3.165267692404781
8 RQ_d3 17 3.1198963536768693
8 RQ_d63 18 3.0858639600334508
8 RQ_d171 19 2.980157385769046
8 RQ_d259 20 2.932464979030687
8 RQ_d35 21 2.891646161465497
8 RQ_d80 22 2.8213526805609863
8 RQ_d25 23 2.6847523870815873
8 RQ_d172 24 2.5587030503396506
8 RQ_d2 25 2.4938914595121036
8 RQ_d59 26 2.4715177283620364
8 RQ_d280 27 2.460325826701478
8 RQ_d201 28 2.152145303877034
8 RQ_d50 29 1.9307382445963688
8 RQ_d49 30 1.7205745793600051
8 RQ_d247 31 1.6906882298356403
8 RQ_d242 32 1.6345190941990029
9 RQ_d27 0 5.035098759193431
9 RQ_d213 1 4.085901776587258
9 RQ_d43 2 3.6824117142831394
9 RQ_d128 3 3.6219871101710646
9 RQ_d29 4 3.5582866155314545
9 RQ_d28 5 3.5405335727377096
9 RQ_d30 6 3.4875206965315084
9 RQ_d26 7 3.4561868530995294
9 RQ_d53 8 3.341329263969568
9 RQ_d54 9 3.2692213186481713
9 RQ_d254 10 3.1367333458235405
9 RQ_d185 11 3.1012718415518257
9 RQ_d259 12 2.932464979030687
9 RQ_d204 13 2.7090522024556787
9 RQ_d25 14 2.6847523870815873
9 RQ_d2 15 2.4938914595121036
9 RQ_d241 16 2.4140085369406634
10 RQ_d13 0 4.286899552078831
10 RQ_d23 1 4.219524508319562
10 RQ_d11 2 4.192228946026122
10 RQ_d46 3 4.049237980034028
10 RQ_d16 4 3.899092483632256
10 RQ_d32 5 3.8011939173496363
10 RQ_d20 6 3.768040101043108
10 RQ_d186 7 3.758705749039588
10 RQ_d56 8 3.674877602700656
10 RQ_d269 9 3.6326675370432526
10 RQ_d21 10 3.5743056575702297
10 RQ_d268 11 3.422636684134608
10 RQ_d14 12 3.3522152253598043
10 RQ_d15 13 3.3274232458537876
10 RQ_d58 14 3.160092252248432
10 RQ_d311 15 3.108215606667982
10 RQ_d22 16 3.068913763382047
10 RQ_d47 17 3.068208949381813
10 RQ_d33 18 2.9572672626536676
10 RQ_d12 19 2.9252707257559156
10 RQ_d10 20 2.9152922568330286
10 RQ_d48 21 2.846880386632562
10 RQ_d18 22 2.8462389682965714
10 RQ_d78 23 2.8275110089645414
10 RQ_d199 24 2.8164357834517846
10 RQ_d24 25 2.782285715881577
10 RQ_d79 26 2.769005910575407
10 RQ_d31 27 2.753018621928064
10 RQ_d55 28 2.7521036172166515
10 RQ_d17 29 2.5965150129984376
10 RQ_d19 30 2.5239688816963755
11 RQ_d74 0 5.507858673789926
11 RQ_d84 1 5.130676054886726
11 RQ_d273 2 4.459266483090258
11 RQ_d7 3 4.345798361480615
11 RQ_d8 4 4.290057231831743
11 RQ_d13 5 4.286899552078831
11 RQ_d40 6 4.236931716085152
11 RQ_d11 7 4.192228946026122
11 RQ_d39 8 4.07570443825848
11 RQ_d46 9 4.049237980034028
11 RQ_d203 10 3.9824938963300025
11 RQ_d9 11 3.952898313735599
11 RQ_d4 12 3.9354634877051367
11 RQ_d16 13 3.899092483632256
11 RQ_d32 14 3.8011939173496363
11 RQ_d20 15 3.768040101043108
11 RQ_d82 16 3.7651048321400076
11 RQ_d139 17 3.7383289592745523
11 RQ_d6 18 3.7021450296423533
11 RQ_d43 19 3.6824117142831394
11 RQ_d56 20 3.674877602700656
11 RQ_d269 21 3.6326675370432526
11 RQ_d274 22 3.6218846683576778
11 RQ_d87 23 3.5764202194245787
11 RQ_d21 24 3.5743056575702297
11 RQ_d5 25 3.544153535103154
11 RQ_d154 26 3.5344401499664935
11 RQ_d37 27 3.500097169239084
11 RQ_d268 28 3.422636684134608
11 RQ_d72 29 3.37847867291283
11 RQ_d14 30 3.3522152253598043
11 RQ_d76 31 3.3394329223508445
11 RQ_d42 32 3.331720503666351
11 RQ_d15 33 3.3274232458537876
11 RQ_d83 34 3.297161409837772
11 RQ_d205 35 3.182370950292024
11 RQ_d1 36 3.165267692404781
11 RQ_d58 37 3.160092252248432
11 RQ_d3 38 3.1198963536768693
11 RQ_d311 39 3.108215606667982
11 RQ_d63 40 3.0858639600334508
11 RQ_d22 41 3.068913763382047
11 RQ_d47 42 3.068208949381813
11 RQ_d210 43 2.995039214078775
11 RQ_d211 44 2.9777028529463956
11 RQ_d81 45 2.9585981448907304
11 RQ_d33 46 2.9572672626536676
11 RQ_d12 47 2.9252707257559156
11 RQ_d10 48 2.9152922568330286
11 RQ_d66 49 2.9097793287220264
11 RQ_d86 50 2.859582008595826
11 RQ_d48 51 2.846880386632562
11 RQ_d18 52 2.8462389682965714
11 RQ_d78 53 2.8275110089645414
11 RQ_d80 54 2.8213526805609863
11 RQ_d24 55 2.782285715881577
11 RQ_d79 56 2.769005910575407
11 RQ_d88 57 2.7596120153700885
11 RQ_d31 58 2.753018621928064
11 RQ_d55 59 2.7521036172166515
11 RQ_d17 60 2.5965150129984376
11 RQ_d19 61 2.5239688816963755
11 RQ_d2 62 2.4938914595121036
11 RQ_d41 63 2.3854325633673326
11 RQ_d85 64 2.3557080329704077
12 RQ_d240 0 5.219530788075003
12 RQ_d38 1 4.4497489910269765
12 RQ_d70 2 4.446676934693241
12 RQ_d34 3 4.265654470237626
12 RQ_d36 4 4.078497578285794
12 RQ_d91 5 3.9047121056307534
12 RQ_d44 6 3.862069314437182
12 RQ_d87 7 3.5764202194245787
12 RQ_d37 8 3.500097169239084
12 RQ_d64 9 3.3543979127751378
12 RQ_d260 10 3.3060312536753873
12 RQ_d90 11 3.1824712200436247
12 RQ_d259 12 2.932464979030687
12 RQ_d35 13 2.891646161465497
12 RQ_d45 14 2.8586924655121013
12 RQ_d89 15 2.776762958976181
12 RQ_d239 16 2.740638313218815
12 RQ_d241 17 2.4140085369406634
13 RQ_d74 0 5.507858673789926
13 RQ_d68 1 5.131119213957731
13 RQ_d84 2 5.130676054886726
13 RQ_d273 3 4.459266483090258
13 RQ_d7 4 4.345798361480615
13 RQ_d69 5 4.34145814420765
13 RQ_d8 6 4.290057231831743
13 RQ_d13 7 4.286899552078831
13 RQ_d34 8 4.265654470237626
13 RQ_d40 9 4.236931716085152
13 RQ_d11 10 4.192228946026122
13 RQ_d36 11 4.078497578285794
13 RQ_d39 12 4.07570443825848
13 RQ_d46 13 4.049237980034028
13 RQ_d203 14 3.9824938963300025
13 RQ_d9 15 3.952898313735599
13 RQ_d4 16 3.9354634877051367
13 RQ_d16 17 3.899092483632256
13 RQ_d44 18 3.862069314437182
13 RQ_d32 19 3.8011939173496363
13 RQ_d20 20 3.768040101043108
13 RQ_d82 21 3.7651048321400076
13 RQ_d139 22 3.7383289592745523
13 RQ_d6 23 3.7021450296423533
13 RQ_d43 24 3.6824117142831394
13 RQ_d56 25 3.674877602700656
13 RQ_d269 26 3.6326675370432526
13 RQ_d274 27 3.6218846683576778
13 RQ_d87 28 3.5764202194245787
13 RQ_d21 29 3.5743056575702297
13 RQ_d5 30 3.544153535103154
13 RQ_d154 31 3.5344401499664935
13 RQ_d37 32 3.500097169239084
13 RQ_d268 33 3.422636684134608
13 RQ_d72 34 3.37847867291283
13 RQ_d64 35 3.3543979127751378
13 RQ_d14 36 3.3522152253598043
13 RQ_d76 37 3.3394329223508445
13 RQ_d42 38 3.331720503666351
13 RQ_d15 39 3.3274232458537876
13 RQ_d83 40 3.297161409837772
13 RQ_d250 41 3.281830468006219
13 RQ_d205 42 3.182370950292024
13 RQ_d1 43 3.165267692404781
13 RQ_d58 44 3.160092252248432
13 RQ_d102 45 3.1267994658443667
13 RQ_d3 46 3.1198963536768693
13 RQ_d311 47 3.108215606667982
13 RQ_d63 48 3.0858639600334508
13 RQ_d22 49 3.068913763382047
13 RQ_d47 50 3.068208949381813
13 RQ_d210 51 2.995039214078775
13 RQ_d211 52 2.9777028529463956
13 RQ_d81 53 2.9585981448907304
13 RQ_d33 54 2.9572672626536676
13 RQ_d12 55 2.9252707257559156
13 RQ_d10 56 2.9152922568330286
13 RQ_d66 57 2.9097793287220264
13 RQ_d86 58 2.859582008595826
13 RQ_d45 59 2.8586924655121013
13 RQ_d18 60 2.8462389682965714
13 RQ_d78 61 2.8275110089645414
13 RQ_d80 62 2.8213526805609863
13 RQ_d89 63 2.776762958976181
13 RQ_d79 64 2.769005910575407
13 RQ_d88 65 2.7596120153700885
13 RQ_d31 66 2.753018621928064
13 RQ_d55 67 2.7521036172166515
13 RQ_d98 68 2.6553892643341435
13 RQ_d17 69 2.5965150129984376
13 RQ_d19 70 2.5239688816963755
13 RQ_d2 71 2.4938914595121036
13 RQ_d280 72 2.460325826701478
13 RQ_d41 73 2.3854325633673326
13 RQ_d248 74 2.383415881934747
13 RQ_d85 75 2.3557080329704077
13 RQ_d251 76 1.8492553230270394
14 RQ_d240 0 5.219530788075003
14 RQ_d38 1 4.4497489910269765
14 RQ_d70 2 4.446676934693241
14 RQ_d7 3 4.345798361480615
14 RQ_d34 4 4.265654470237626
14 RQ_d40 5 4.236931716085152
14 RQ_d11 6 4.192228946026122
14 RQ_d36 7 4.078497578285794
14 RQ_d39 8 4.07570443825848
14 RQ_d91 9 3.9047121056307534
14 RQ_d44 10 3.862069314437182
14 RQ_d32 11 3.8011939173496363
14 RQ_d82 12 3.7651048321400076
14 RQ_d139 13 3.7383289592745523
14 RQ_d43 14 3.6824117142831394
14 RQ_d87 15 3.5764202194245787
14 RQ_d37 16 3.500097169239084
14 RQ_d64 17 3.3543979127751378
14 RQ_d105 18 3.332910440771015
14 RQ_d42 19 3.331720503666351
14 RQ_d260 20 3.3060312536753873
14 RQ_d83 21 3.297161409837772
14 RQ_d250 22 3.281830468006219
14 RQ_d90 23 3.1824712200436247
14 RQ_d102 24 3.1267994658443667
14 RQ_d311 25 3.108215606667982
14 RQ_d81 26 2.9585981448907304
14 RQ_d259 27 2.932464979030687
14 RQ_d12 28 2.9252707257559156
14 RQ_d66 29 2.9097793287220264
14 RQ_d35 30 2.891646161465497
14 RQ_d86 31 2.859582008595826
14 RQ_d45 32 2.8586924655121013
14 RQ_d80 33 2.8213526805609863
14 RQ_d89 34 2.776762958976181
14 RQ_d88 35 2.7596120153700885
14 RQ_d31 36 2.753018621928064
14 RQ_d239 37 2.740638313218815
14 RQ_d207 38 2.6565053862390835
14 RQ_d98 39 2.6553892643341435
14 RQ_d17 40 2.5965150129984376
14 RQ_d19 41 2.5239688816963755
14 RQ_d280 42 2.460325826701478
14 RQ_d241 43 2.4140085369406634
14 RQ_d41 44 2.3854325633673326
14 RQ_d248 45 2.383415881934747
14 RQ_d85 46 2.3557080329704077
14 RQ_d251 47 1.8492553230270394
15 RQ_d38 0 4.4497489910269765
15 RQ_d312 1 4.396392100798799
15 RQ_d13 2 4.286899552078831
15 RQ_d23 3 4.219524508319562
15 RQ_d11 4 4.192228946026122
15 RQ_d46 5 4.049237980034028
15 RQ_d221 6 3.9823538858142884
15 RQ_d107 7 3.9155824244853465
15 RQ_d16 8 3.899092483632256
15 RQ_d32 9 3.8011939173496363
15 RQ_d20 10 3.768040101043108
15 RQ_d195 11 3.711194997132163
15 RQ_d56 12 3.674877602700656
15 RQ_d128 13 3.6219871101710646
15 RQ_d21 14 3.5743056575702297
15 RQ_d29 15 3.5582866155314545
15 RQ_d14 16 3.3522152253598043
15 RQ_d15 17 3.3274232458537876
15 RQ_d58 18 3.160092252248432
15 RQ_d311 19 3.108215606667982
15 RQ_d22 20 3.068913763382047
15 RQ_d47 21 3.068208949381813
15 RQ_d33 22 2.9572672626536676
15 RQ_d12 23 2.9252707257559156
15 RQ_d10 24 2.9152922568330286
15 RQ_d48 25 2.846880386632562
15 RQ_d18 26 2.8462389682965714
15 RQ_d78 27 2.8275110089645414
15 RQ_d181 28 2.7924607433550825
15 RQ_d24 29 2.782285715881577
15 RQ_d180 30 2.770373602454591
15 RQ_d79 31 2.769005910575407
15 RQ_d31 32 2.753018621928064
15 RQ_d55 33 2.7521036172166515
15 RQ_d25 34 2.6847523870815873
15 RQ_d191 35 2.597550415229778
15 RQ_d17 36 2.5965150129984376
15 RQ_d19 37 2.5239688816963755
15 RQ_d179 38 2.2049702657421606
15 RQ_d202 39 1.882764997202618
16 RQ_d119 0 4.544426077236931
16 RQ_d38 1 4.4497489910269765
16 RQ_d70 2 4.446676934693241
16 RQ_d7 3 4.345798361480615
16 RQ_d69 4 4.34145814420765
16 RQ_d61 5 4.321901040892767
16 RQ_d8 6 4.290057231831743
16 RQ_d34 7 4.265654470237626
16 RQ_d23 8 4.219524508319562
16 RQ_d213 9 4.085901776587258
16 RQ_d36 10 4.078497578285794
16 RQ_d46 11 4.049237980034028
16 RQ_d51 12 4.03897030058629
16 RQ_d9 13 3.952898313735599
16 RQ_d4 14 3.9354634877051367
16 RQ_d60 15 3.8890936260468876
16 RQ_d44 16 3.862069314437182
16 RQ_d161 17 3.8266558930238412
16 RQ_d20 18 3.768040101043108
16 RQ_d6 19 3.7021450296423533
16 RQ_d56 20 3.674877602700656
16 RQ_d52 21 3.6201274944521113
16 RQ_d236 22 3.5738930035372367
16 RQ_d192 23 3.570833590379636
16 RQ_d5 24 3.544153535103154
16 RQ_d115 25 3.5148101979427624
16 RQ_d198 26 3.4222444503428053
16 RQ_d62 27 3.4134983585167777
16 RQ_d64 28 3.3543979127751378
16 RQ_d105 29 3.332910440771015
16 RQ_d250 30 3.281830468006219
16 RQ_d1 31 3.165267692404781
16 RQ_d3 32 3.1198963536768693
16 RQ_d63 33 3.0858639600334508
16 RQ_d188 34 3.0798661779053513
16 RQ_d22 35 3.068913763382047
16 RQ_d47 36 3.068208949381813
16 RQ_d171 37 2.980157385769046
16 RQ_d174 38 2.975491918704942
16 RQ_d266 39 2.9753010611970847
16 RQ_d259 40 2.932464979030687
16 RQ_d118 41 2.8952445655494965
16 RQ_d35 42 2.891646161465497
16 RQ_d48 43 2.846880386632562
16 RQ_d18 44 2.8462389682965714
16 RQ_d80 45 2.8213526805609863
16 RQ_d75 46 2.798200686094012
16 RQ_d24 47 2.782285715881577
16 RQ_d79 48 2.769005910575407
16 RQ_d229 49 2.7156420944956854
16 RQ_d25 50 2.6847523870815873
16 RQ_d99 51 2.6625308470844766
16 RQ_d170 52 2.603870258929831
16 RQ_d147 53 2.6001926933540696
16 RQ_d191 54 2.597550415229778
16 RQ_d172 55 2.5587030503396506
16 RQ_d2 56 2.4938914595121036
16 RQ_d59 57 2.4715177283620364
16 RQ_d280 58 2.460325826701478
16 RQ_d248 59 2.383415881934747
16 RQ_d286 60 2.3445189145488414
16 RQ_d257 61 2.33582683194513
16 RQ_d189 62 2.2744526071610096
16 RQ_d201 63 2.152145303877034
16 RQ_d134 64 2.051109806367143
16 RQ_d50 65 1.9307382445963688
16 RQ_d49 66 1.7205745793600051
16 RQ_d247 67 1.6906882298356403
16 RQ_d242 68 1.6345190941990029
17 RQ_d119 0 4.544426077236931
17 RQ_d7 1 4.345798361480615
17 RQ_d8 2 4.290057231831743
17 RQ_d213 3 4.085901776587258
17 RQ_d51 4 4.03897030058629
17 RQ_d9 5 3.952898313735599
17 RQ_d4 6 3.9354634877051367
17 RQ_d60 7 3.8890936260468876
17 RQ_d6 8 3.7021450296423533
17 RQ_d52 9 3.6201274944521113
17 RQ_d5 10 3.544153535103154
17 RQ_d198 11 3.4222444503428053
17 RQ_d62 12 3.4134983585167777
17 RQ_d250 13 3.281830468006219
17 RQ_d1 14 3.165267692404781
17 RQ_d3 15 3.1198963536768693
17 RQ_d63 16 3.0858639600334508
17 RQ_d171 17 2.980157385769046
17 RQ_d259 18 2.932464979030687
17 RQ_d35 19 2.891646161465497
17 RQ_d80 20 2.8213526805609863
17 RQ_d25 21 2.6847523870815873
17 RQ_d172 22 2.5587030503396506
17 RQ_d2 23 2.4938914595121036
17 RQ_d59 24 2.4715177283620364
17 RQ_d280 25 2.460325826701478
17 RQ_d201 26 2.152145303877034
17 RQ_d247 27 1.6906882298356403
17 RQ_d242 28 1.6345190941990029
18 RQ_d27 0 5.035098759193431
18 RQ_d213 1 4.085901776587258
18 RQ_d43 2 3.6824117142831394
18 RQ_d128 3 3.6219871101710646
18 RQ_d29 4 3.5582866155314545
18 RQ_d28 5 3.5405335727377096
18 RQ_d97 6 3.4914838637240986
18 RQ_d30 7 3.4875206965315084
18 RQ_d26 8 3.4561868530995294
18 RQ_d53 9 3.341329263969568
18 RQ_d54 10 3.2692213186481713
18 RQ_d103 11 3.2691025305861925
18 RQ_d254 12 3.1367333458235405
18 RQ_d102 13 3.1267994658443667
18 RQ_d185 14 3.1012718415518257
18 RQ_d259 15 2.932464979030687
18 RQ_d101 16 2.851446509864345
18 RQ_d95 17 2.838718714625215
18 RQ_d204 18 2.7090522024556787
18 RQ_d25 19 2.6847523870815873
18 RQ_d99 20 2.6625308470844766
18 RQ_d98 21 2.6553892643341435
18 RQ_d2 22 2.4938914595121036
18 RQ_d241 23 2.4140085369406634
18 RQ_d96 24 2.3507281819402635
19 RQ_d27 0 5.035098759193431
19 RQ_d38 1 4.4497489910269765
19 RQ_d7 2 4.345798361480615
19 RQ_d69 3 4.34145814420765
19 RQ_d13 4 4.286899552078831
19 RQ_d34 5 4.265654470237626
19 RQ_d23 6 4.219524508319562
19 RQ_d11 7 4.192228946026122
19 RQ_d36 8 4.078497578285794
19 RQ_d46 9 4.049237980034028
19 RQ_d9 10 3.952898313735599
19 RQ_d16 11 3.899092483632256
19 RQ_d32 12 3.8011939173496363
19 RQ_d20 13 3.768040101043108
19 RQ_d6 14 3.7021450296423533
19 RQ_d56 15 3.674877602700656
19 RQ_d21 16 3.5743056575702297
19 RQ_d72 17 3.37847867291283
19 RQ_d14 18 3.3522152253598043
19 RQ_d76 19 3.3394329223508445
19 RQ_d42 20 3.331720503666351
19 RQ_d15 21 3.3274232458537876
19 RQ_d272 22 3.3153159346663874
19 RQ_d206 23 3.207644617335612
19 RQ_d58 24 3.160092252248432
19 RQ_d22 25 3.068913763382047
19 RQ_d47 26 3.068208949381813
19 RQ_d174 27 2.975491918704942
19 RQ_d33 28 2.9572672626536676
19 RQ_d12 29 2.9252707257559156
19 RQ_d10 30 2.9152922568330286
19 RQ_d48 31 2.846880386632562
19 RQ_d18 32 2.8462389682965714
19 RQ_d95 33 2.838718714625215
19 RQ_d78 34 2.8275110089645414
19 RQ_d24 35 2.782285715881577
19 RQ_d79 36 2.769005910575407
19 RQ_d31 37 2.753018621928064
19 RQ_d55 38 2.7521036172166515
19 RQ_d17 39 2.5965150129984376
19 RQ_d19 40 2.5239688816963755
19 RQ_d284 41 2.0134560415916676
19 RQ_d138 42 1.5473510957641867
20 RQ_d38 0 4.4497489910269765
20 RQ_d312 1 4.396392100798799
20 RQ_d13 2 4.286899552078831
20 RQ_d23 3 4.219524508319562
20 RQ_d11 4 4.192228946026122
20 RQ_d46 5 4.049237980034028
20 RQ_d221 6 3.9823538858142884
20 RQ_d107 7 3.9155824244853465
20 RQ_d16 8 3.899092483632256
20 RQ_d32 9 3.8011939173496363
20 RQ_d20 10 3.768040101043108
20 RQ_d195 11 3.711194997132163
20 RQ_d56 12 3.674877602700656
20 RQ_d128 13 3.6219871101710646
20 RQ_d21 14 3.5743056575702297
20 RQ_d29 15 3.5582866155314545
20 RQ_d14 16 3.3522152253598043
20 RQ_d15 17 3.3274232458537876
20 RQ_d58 18 3.160092252248432
20 RQ_d311 19 3.108215606667982
20 RQ_d22 20 3.068913763382047
20 RQ_d47 21 3.068208949381813
20 RQ_d33 22 2.9572672626536676
20 RQ_d12 23 2.9252707257559156
20 RQ_d10 24 2.9152922568330286
20 RQ_d48 25 2.846880386632562
20 RQ_d18 26 2.8462389682965714
20 RQ_d78 27 2.8275110089645414
20 RQ_d181 28 2.7924607433550825
20 RQ_d24 29 2.782285715881577
20 RQ_d180 30 2.770373602454591
20 RQ_d79 31 2.769005910575407
20 RQ_d31 32 2.753018621928064
20 RQ_d55 33 2.7521036172166515
20 RQ_d25 34 2.6847523870815873
20 RQ_d191 35 2.597550415229778
20 RQ_d17 36 2.5965150129984376
20 RQ_d19 37 2.5239688816963755
20 RQ_d179 38 2.2049702657421606
20 RQ_d202 39 1.882764997202618
21 RQ_d119 0 4.544426077236931
21 RQ_d38 1 4.4497489910269765
21 RQ_d70 2 4.446676934693241
21 RQ_d7 3 4.345798361480615
21 RQ_d69 4 4.34145814420765
21 RQ_d61 5 4.321901040892767
21 RQ_d8 6 4.290057231831743
21 RQ_d34 7 4.265654470237626
21 RQ_d23 8 4.219524508319562
21 RQ_d213 9 4.085901776587258
21 RQ_d36 10 4.078497578285794
21 RQ_d46 11 4.049237980034028
21 RQ_d51 12 4.03897030058629
21 RQ_d9 13 3.952898313735599
21 RQ_d4 14 3.9354634877051367
21 RQ_d60 15 3.8890936260468876
21 RQ_d44 16 3.862069314437182
21 RQ_d161 17 3.8266558930238412
21 RQ_d20 18 3.768040101043108
21 RQ_d6 19 3.7021450296423533
21 RQ_d56 20 3.674877602700656
21 RQ_d52 21 3.6201274944521113
21 RQ_d236 22 3.5738930035372367
21 RQ_d192 23 3.570833590379636
21 RQ_d5 24 3.544153535103154
21 RQ_d115 25 3.5148101979427624
21 RQ_d198 26 3.4222444503428053
21 RQ_d62 27 3.4134983585167777
21 RQ_d64 28 3.3543979127751378
21 RQ_d105 29 3.332910440771015
21 RQ_d250 30 3.281830468006219
21 RQ_d1 31 3.165267692404781
21 RQ_d3 32 3.1198963536768693
21 RQ_d63 33 3.0858639600334508
21 RQ_d188 34 3.0798661779053513
21 RQ_d22 35 3.068913763382047
21 RQ_d47 36 3.068208949381813
21 RQ_d171 37 2.980157385769046
21 RQ_d174 38 2.975491918704942
21 RQ_d266 39 2.9753010611970847
21 RQ_d259 40 2.932464979030687
21 RQ_d118 41 2.8952445655494965
21 RQ_d35 42 2.891646161465497
21 RQ_d48 43 2.846880386632562
21 RQ_d18 44 2.8462389682965714
21 RQ_d80 45 2.8213526805609863
21 RQ_d75 46 2.798200686094012
21 RQ_d24 47 2.782285715881577
21 RQ_d79 48 2.769005910575407
21 RQ_d229 49 2.7156420944956854
21 RQ_d25 50 2.6847523870815873
21 RQ_d99 51 2.6625308470844766
21 RQ_d170 52 2.603870258929831
21 RQ_d147 53 2.6001926933540696
21 RQ_d191 54 2.597550415229778
21 RQ_d172 55 2.5587030503396506
21 RQ_d2 56 2.4938914595121036
21 RQ_d59 57 2.4715177283620364
21 RQ_d280 58 2.460325826701478
21 RQ_d248 59 2.383415881934747
21 RQ_d286 60 2.3445189145488414
21 RQ_d257 61 2.33582683194513
21 RQ_d189 62 2.2744526071610096
21 RQ_d201 63 2.152145303877034
21 RQ_d134 64 2.051109806367143
21 RQ_d50 65 1.9307382445963688
21 RQ_d49 66 1.7205745793600051
21 RQ_d247 67 1.6906882298356403
21 RQ_d242 68 1.6345190941990029
22 RQ_d119 0 4.544426077236931
22 RQ_d7 1 4.345798361480615
22 RQ_d61 2 4.321901040892767
22 RQ_d8 3 4.290057231831743
22 RQ_d213 4 4.085901776587258
22 RQ_d51 5 4.03897030058629
22 RQ_d9 6 3.952898313735599
22 RQ_d4 7 3.9354634877051367
22 RQ_d60 8 3.8890936260468876
22 RQ_d6 9 3.7021450296423533
22 RQ_d52 10 3.6201274944521113
22 RQ_d5 11 3.544153535103154
22 RQ_d115 12 3.5148101979427624
22 RQ_d198 13 3.4222444503428053
22 RQ_d62 14 3.4134983585167777
22 RQ_d250 15 3.281830468006219
22 RQ_d1 16 3.165267692404781
22 RQ_d3 17 3.1198963536768693
22 RQ_d63 18 3.0858639600334508
22 RQ_d259 19 2.932464979030687
22 RQ_d35 20 2.891646161465497
22 RQ_d80 21 2.8213526805609863
22 RQ_d25 22 2.6847523870815873
22 RQ_d172 23 2.5587030503396506
22 RQ_d2 24 2.4938914595121036
22 RQ_d59 25 2.4715177283620364
22 RQ_d280 26 2.460325826701478
22 RQ_d201 27 2.152145303877034
22 RQ_d50 28 1.9307382445963688
22 RQ_d49 29 1.7205745793600051
22 RQ_d247 30 1.6906882298356403
22 RQ_d242 31 1.6345190941990029
23 RQ_d240 0 5.219530788075003
23 RQ_d38 1 4.4497489910269765
23 RQ_d70 2 4.446676934693241
23 RQ_d34 3 4.265654470237626
23 RQ_d36 4 4.078497578285794
23 RQ_d91 5 3.9047121056307534
23 RQ_d44 6 3.862069314437182
23 RQ_d87 7 3.5764202194245787
23 RQ_d37 8 3.500097169239084
23 RQ_d64 9 3.3543979127751378
23 RQ_d260 10 3.3060312536753873
23 RQ_d90 11 3.1824712200436247
23 RQ_d259 12 2.932464979030687
23 RQ_d35 13 2.891646161465497
23 RQ_d45 14 2.8586924655121013
23 RQ_d89 15 2.776762958976181
23 RQ_d239 16 2.740638313218815
23 RQ_d241 17 2.4140085369406634
24 RQ_d68 0 5.131119213957731
24 RQ_d84 1 5.130676054886726
24 RQ_d194 2 4.804241798801475
24 RQ_d142 3 4.4807607341248135
24 RQ_d69 4 4.34145814420765
24 RQ_d40 5 4.236931716085152
24 RQ_d39 6 4.07570443825848
24 RQ_d46 7 4.049237980034028
24 RQ_d20 8 3.768040101043108
24 RQ_d82 9 3.7651048321400076
24 RQ_d67 10 3.697967374073532
24 RQ_d43 11 3.6824117142831394
24 RQ_d153 12 3.6349561764681533
24 RQ_d87 13 3.5764202194245787
24 RQ_d21 14 3.5743056575702297
24 RQ_d42 15 3.331720503666351
24 RQ_d83 16 3.297161409837772
24 RQ_d81 17 2.9585981448907304
24 RQ_d66 18 2.9097793287220264
24 RQ_d101 19 2.851446509864345
24 RQ_d65 20 2.8287328155051354
24 RQ_d80 21 2.8213526805609863
24 RQ_d41 22 2.3854325633673326
25 RQ_d74 0 5.507858673789926
25 RQ_d273 1 4.459266483090258
25 RQ_d70 2 4.446676934693241
25 RQ_d73 3 4.1162069003429
25 RQ_d270 4 3.9887095763361864
25 RQ_d203 5 3.9824938963300025
25 RQ_d208 6 3.950474866556466
25 RQ_d77 7 3.881614511904624
25 RQ_d190 8 3.743598775888485
25 RQ_d209 9 3.6519588200442232
25 RQ_d269 10 3.6326675370432526
25 RQ_d274 11 3.6218846683576778
25 RQ_d268 12 3.422636684134608
25 RQ_d72 13 3.37847867291283
25 RQ_d155 14 3.3520072312379003
25 RQ_d76 15 3.3394329223508445
25 RQ_d272 16 3.3153159346663874
25 RQ_d206 17 3.207644617335612
25 RQ_d205 18 3.182370950292024
25 RQ_d311 19 3.108215606667982
25 RQ_d188 20 3.0798661779053513
25 RQ_d71 21 3.062236130633124
25 RQ_d277 22 3.0291509025953784
25 RQ_d265 23 3.003061941191818
25 RQ_d210 24 2.995039214078775
25 RQ_d211 25 2.9777028529463956
25 RQ_d266 26 2.9753010611970847
25 RQ_d264 27 2.939006032996388
25 RQ_d263 28 2.896922024716703
25 RQ_d178 29 2.860576466998903
25 RQ_d18 30 2.8462389682965714
25 RQ_d75 31 2.798200686094012
25 RQ_d116 32 2.7740854951433325
25 RQ_d204 33 2.7090522024556787
25 RQ_d207 34 2.6565053862390835
25 RQ_d191 35 2.597550415229778
25 RQ_d267 36 2.51768772888251
25 RQ_d262 37 2.484142617618591
25 RQ_d271 38 2.3196359779587836
25 RQ_d189 39 2.2744526071610096
25 RQ_d202 40 1.882764997202618
26 RQ_d74 0 5.507858673789926
26 RQ_d273 1 4.459266483090258
26 RQ_d70 2 4.446676934693241
26 RQ_d73 3 4.1162069003429
26 RQ_d270 4 3.9887095763361864
26 RQ_d203 5 3.9824938963300025
26 RQ_d208 6 3.950474866556466
26 RQ_d77 7 3.881614511904624
26 RQ_d190 8 3.743598775888485
26 RQ_d209 9 3.6519588200442232
26 RQ_d269 10 3.6326675370432526
26 RQ_d274 11 3.6218846683576778
26 RQ_d268 12 3.422636684134608
26 RQ_d72 13 3.37847867291283
26 RQ_d155 14 3.3520072312379003
26 RQ_d76 15 3.3394329223508445
26 RQ_d272 16 3.3153159346663874
26 RQ_d206 17 3.207644617335612
26 RQ_d205 18 3.182370950292024
26 RQ_d311 19 3.108215606667982
26 RQ_d188 20 3.0798661779053513
26 RQ_d71 21 3.062236130633124
26 RQ_d277 22 3.0291509025953784
26 RQ_d265 23 3.003061941191818
26 RQ_d210 24 2.995039214078775
26 RQ_d211 25 2.9777028529463956
26 RQ_d266 26 2.9753010611970847
26 RQ_d264 27 2.939006032996388
26 RQ_d263 28 2.896922024716703
26 RQ_d178 29 2.860576466998903
26 RQ_d18 30 2.8462389682965714
26 RQ_d75 31 2.798200686094012
26 RQ_d116 32 2.7740854951433325
26 RQ_d204 33 2.7090522024556787
26 RQ_d207 34 2.6565053862390835
26 RQ_d191 35 2.597550415229778
26 RQ_d267 36 2.51768772888251
26 RQ_d262 37 2.484142617618591
26 RQ_d271 38 2.3196359779587836
26 RQ_d189 39 2.2744526071610096
26 RQ_d202 40 1.882764997202618
27 RQ_d74 0 5.507858673789926
27 RQ_d84 1 5.130676054886726
27 RQ_d273 2 4.459266483090258
27 RQ_d7 3 4.345798361480615
27 RQ_d8 4 4.290057231831743
27 RQ_d13 5 4.286899552078831
27 RQ_d40 6 4.236931716085152
27 RQ_d11 7 4.192228946026122
27 RQ_d39 8 4.07570443825848
27 RQ_d46 9 4.049237980034028
27 RQ_d203 10 3.9824938963300025
27 RQ_d9 11 3.952898313735599
27 RQ_d4 12 3.9354634877051367
27 RQ_d16 13 3.899092483632256
27 RQ_d32 14 3.8011939173496363
27 RQ_d20 15 3.768040101043108
27 RQ_d82 16 3.7651048321400076
27 RQ_d139 17 3.7383289592745523
27 RQ_d6 18 3.7021450296423533
27 RQ_d43 19 3.6824117142831394
27 RQ_d56 20 3.674877602700656
27 RQ_d269 21 3.6326675370432526
27 RQ_d274 22 3.6218846683576778
27 RQ_d87 23 3.5764202194245787
27 RQ_d21 24 3.5743056575702297
27 RQ_d5 25 3.544153535103154
27 RQ_d154 26 3.5344401499664935
27 RQ_d37 27 3.500097169239084
27 RQ_d268 28 3.422636684134608
27 RQ_d72 29 3.37847867291283
27 RQ_d14 30 3.3522152253598043
27 RQ_d76 31 3.3394329223508445
27 RQ_d42 32 3.331720503666351
27 RQ_d15 33 3.3274232458537876
27 RQ_d83 34 3.297161409837772
27 RQ_d205 35 3.182370950292024
27 RQ_d1 36 3.165267692404781
27 RQ_d58 37 3.160092252248432
27 RQ_d3 38 3.1198963536768693
27 RQ_d311 39 3.108215606667982
27 RQ_d63 40 3.0858639600334508
27 RQ_d22 41 3.068913763382047
27 RQ_d47 42 3.068208949381813
27 RQ_d210 43 2.995039214078775
27 RQ_d211 44 2.9777028529463956
27 RQ_d81 45 2.9585981448907304
27 RQ_d33 46 2.9572672626536676
27 RQ_d12 47 2.9252707257559156
27 RQ_d10 48 2.9152922568330286
27 RQ_d66 49 2.9097793287220264
27 RQ_d86 50 2.859582008595826
27 RQ_d48 51 2.846880386632562
27 RQ_d18 52 2.8462389682965714
27 RQ_d78 53 2.8275110089645414
27 RQ_d80 54 2.8213526805609863
27 RQ_d24 55 2.782285715881577
27 RQ_d79 56 2.769005910575407
27 RQ_d88 57 2.7596120153700885
27 RQ_d31 58 2.753018621928064
27 RQ_d55 59 2.7521036172166515
27 RQ_d17 60 2.5965150129984376
27 RQ_d19 61 2.5239688816963755
27 RQ_d2 62 2.4938914595121036
27 RQ_d41 63 2.3854325633673326
27 RQ_d85 64 2.3557080329704077
28 RQ_d74 0 5.507858673789926
28 RQ_d84 1 5.130676054886726
28 RQ_d273 2 4.459266483090258
28 RQ_d7 3 4.345798361480615
28 RQ_d8 4 4.290057231831743
28 RQ_d13 5 4.286899552078831
28 RQ_d40 6 4.236931716085152
28 RQ_d23 7 4.219524508319562
28 RQ_d11 8 4.192228946026122
28 RQ_d39 9 4.07570443825848
28 RQ_d46 10 4.049237980034028
28 RQ_d203 11 3.9824938963300025
28 RQ_d9 12 3.952898313735599
28 RQ_d4 13 3.9354634877051367
28 RQ_d16 14 3.899092483632256
28 RQ_d32 15 3.8011939173496363
28 RQ_d20 16 3.768040101043108
28 RQ_d82 17 3.7651048321400076
28 RQ_d139 18 3.7383289592745523
28 RQ_d6 19 3.7021450296423533
28 RQ_d43 20 3.6824117142831394
28 RQ_d56 21 3.674877602700656
28 RQ_d269 22 3.6326675370432526
28 RQ_d274 23 3.6218846683576778
28 RQ_d87 24 3.5764202194245787
28 RQ_d21 25 3.5743056575702297
28 RQ_d5 26 3.544153535103154
28 RQ_d154 27 3.5344401499664935
28 RQ_d37 28 3.500097169239084
28 RQ_d268 29 3.422636684134608
28 RQ_d72 30 3.37847867291283
28 RQ_d14 31 3.3522152253598043
28 RQ_d76 32 3.3394329223508445
28 RQ_d42 33 3.331720503666351
28 RQ_d15 34 3.3274232458537876
28 RQ_d83 35 3.297161409837772
28 RQ_d205 36 3.182370950292024
28 RQ_d1 37 3.165267692404781
28 RQ_d58 38 3.160092252248432
28 RQ_d3 39 3.1198963536768693
28 RQ_d311 40 3.108215606667982
28 RQ_d63 41 3.0858639600334508
28 RQ_d22 42 3.068913763382047
28 RQ_d47 43 3.068208949381813
28 RQ_d210 44 2.995039214078775
28 RQ_d211 45 2.9777028529463956
28 RQ_d81 46 2.9585981448907304
28 RQ_d33 47 2.9572672626536676
28 RQ_d12 48 2.9252707257559156
28 RQ_d10 49 2.9152922568330286
28 RQ_d66 50 2.9097793287220264
28 RQ_d86 51 2.859582008595826
28 RQ_d48 52 2.846880386632562
28 RQ_d18 53 2.8462389682965714
28 RQ_d78 54 2.8275110089645414
28 RQ_d80 55 2.8213526805609863
28 RQ_d24 56 2.782285715881577
28 RQ_d79 57 2.769005910575407
28 RQ_d88 58 2.7596120153700885
28 RQ_d31 59 2.753018621928064
28 RQ_d55 60 2.7521036172166515
28 RQ_d17 61 2.5965150129984376
28 RQ_d19 62 2.5239688816963755
28 RQ_d2 63 2.4938914595121036
28 RQ_d41 64 2.3854325633673326
28 RQ_d85 65 2.3557080329704077
29 RQ_d74 0 5.507858673789926
29 RQ_d84 1 5.130676054886726
29 RQ_d273 2 4.459266483090258
29 RQ_d7 3 4.345798361480615
29 RQ_d8 4 4.290057231831743
29 RQ_d13 5 4.286899552078831
29 RQ_d40 6 4.236931716085152
29 RQ_d23 7 4.219524508319562
29 RQ_d11 8 4.192228946026122
29 RQ_d39 9 4.07570443825848
29 RQ_d46 10 4.049237980034028
29 RQ_d203 11 3.9824938963300025
29 RQ_d9 12 3.952898313735599
29 RQ_d4 13 3.9354634877051367
29 RQ_d16 14 3.899092483632256
29 RQ_d32 15 3.8011939173496363
29 RQ_d20 16 3.768040101043108
29 RQ_d82 17 3.7651048321400076
29 RQ_d139 18 3.7383289592745523
29 RQ_d6 19 3.7021450296423533
29 RQ_d43 20 3.6824117142831394
29 RQ_d56 21 3.674877602700656
29 RQ_d269 22 3.6326675370432526
29 RQ_d274 23 3.6218846683576778
29 RQ_d87 24 3.5764202194245787
29 RQ_d21 25 3.5743056575702297
29 RQ_d5 26 3.544153535103154
29 RQ_d154 27 3.5344401499664935
29 RQ_d37 28 3.500097169239084
29 RQ_d268 29 3.422636684134608
29 RQ_d72 30 3.37847867291283
29 RQ_d14 31 3.3522152253598043
29 RQ_d76 32 3.3394329223508445
29 RQ_d42 33 3.331720503666351
29 RQ_d15 34 3.3274232458537876
29 RQ_d83 35 3.297161409837772
29 RQ_d205 36 3.182370950292024
29 RQ_d1 37 3.165267692404781
29 RQ_d58 38 3.160092252248432
29 RQ_d3 39 3.1198963536768693
29 RQ_d311 40 3.108215606667982
29 RQ_d63 41 3.0858639600334508
29 RQ_d22 42 3.068913763382047
29 RQ_d47 43 3.068208949381813
29 RQ_d210 44 2.995039214078775
29 RQ_d211 45 2.9777028529463956
29 RQ_d81 46 2.9585981448907304
29 RQ_d33 47 2.9572672626536676
29 RQ_d12 48 2.9252707257559156
29 RQ_d10 49 2.9152922568330286
29 RQ_d66 50 2.9097793287220264
29 RQ_d86 51 2.859582008595826
29 RQ_d48 52 2.846880386632562
29 RQ_d18 53 2.8462389682965714
29 RQ_d78 54 2.8275110089645414
29 RQ_d80 55 2.8213526805609863
29 RQ_d24 56 2.782285715881577
29 RQ_d79 57 2.769005910575407
29 RQ_d88 58 2.7596120153700885
29 RQ_d31 59 2.753018621928064
29 RQ_d55 60 2.7521036172166515
29 RQ_d17 61 2.5965150129984376
29 RQ_d19 62 2.5239688816963755
29 RQ_d2 63 2.4938914595121036
29 RQ_d41 64 2.3854325633673326
29 RQ_d85 65 2.3557080329704077
30 RQ_d74 0 5.507858673789926
30 RQ_d68 1 5.131119213957731
30 RQ_d84 2 5.130676054886726
30 RQ_d194 3 4.804241798801475
30 RQ_d142 4 4.4807607341248135
30 RQ_d273 5 4.459266483090258
30 RQ_d7 6 4.345798361480615
30 RQ_d69 7 4.34145814420765
30 RQ_d8 8 4.290057231831743
30 RQ_d13 9 4.286899552078831
30 RQ_d40 10 4.236931716085152
30 RQ_d11 11 4.192228946026122
30 RQ_d39 12 4.07570443825848
30 RQ_d46 13 4.049237980034028
30 RQ_d203 14 3.9824938963300025
30 RQ_d9 15 3.952898313735599
30 RQ_d4 16 3.9354634877051367
30 RQ_d16 17 3.899092483632256
30 RQ_d32 18 3.8011939173496363
30 RQ_d20 19 3.768040101043108
30 RQ_d82 20 3.7651048321400076
30 RQ_d139 21 3.7383289592745523
30 RQ_d6 22 3.7021450296423533
30 RQ_d67 23 3.697967374073532
30 RQ_d43 24 3.6824117142831394
30 RQ_d56 25 3.674877602700656
30 RQ_d153 26 3.6349561764681533
30 RQ_d269 27 3.6326675370432526
30 RQ_d274 28 3.6218846683576778
30 RQ_d87 29 3.5764202194245787
30 RQ_d21 30 3.5743056575702297
30 RQ_d5 31 3.544153535103154
30 RQ_d154 32 3.5344401499664935
30 RQ_d37 33 3.500097169239084
30 RQ_d268 34 3.422636684134608
30 RQ_d72 35 3.37847867291283
30 RQ_d14 36 3.3522152253598043
30 RQ_d76 37 3.3394329223508445
30 RQ_d42 38 3.331720503666351
30 RQ_d15 39 3.3274232458537876
30 RQ_d83 40 3.297161409837772
30 RQ_d205 41 3.182370950292024
30 RQ_d1 42 3.165267692404781
30 RQ_d58 43 3.160092252248432
30 RQ_d254 44 3.1367333458235405
30 RQ_d3 45 3.1198963536768693
30 RQ_d63 46 3.0858639600334508
30 RQ_d22 47 3.068913763382047
30 RQ_d47 48 3.068208949381813
30 RQ_d210 49 2.995039214078775
30 RQ_d211 50 2.9777028529463956
30 RQ_d81 51 2.9585981448907304
30 RQ_d33 52 2.9572672626536676
30 RQ_d12 53 2.9252707257559156
30 RQ_d10 54 2.9152922568330286
30 RQ_d66 55 2.9097793287220264
30 RQ_d86 56 2.859582008595826
30 RQ_d18 57 2.8462389682965714
30 RQ_d78 58 2.8275110089645414
30 RQ_d80 59 2.8213526805609863
30 RQ_d180 60 2.770373602454591
30 RQ_d79 61 2.769005910575407
30 RQ_d88 62 2.7596120153700885
30 RQ_d31 63 2.753018621928064
30 RQ_d55 64 2.7521036172166515
30 RQ_d230 65 2.7324557663358493
30 RQ_d305 66 2.6907752303026404
30 RQ_d17 67 2.5965150129984376
30 RQ_d108 68 2.5602613237555487
30 RQ_d19 69 2.5239688816963755
30 RQ_d2 70 2.4938914595121036
30 RQ_d41 71 2.3854325633673326
30 RQ_d85 72 2.3557080329704077
31 RQ_d74 0 5.507858673789926
31 RQ_d68 1 5.131119213957731
31 RQ_d84 2 5.130676054886726
31 RQ_d142 3 4.4807607341248135
31 RQ_d273 4 4.459266483090258
31 RQ_d7 5 4.345798361480615
31 RQ_d69 6 4.34145814420765
31 RQ_d8 7 4.290057231831743
31 RQ_d13 8 4.286899552078831
31 RQ_d34 9 4.265654470237626
31 RQ_d40 10 4.236931716085152
31 RQ_d11 11 4.192228946026122
31 RQ_d213 12 4.085901776587258
31 RQ_d36 13 4.078497578285794
31 RQ_d39 14 4.07570443825848
31 RQ_d46 15 4.049237980034028
31 RQ_d203 16 3.9824938963300025
31 RQ_d9 17 3.952898313735599
31 RQ_d4 18 3.9354634877051367
31 RQ_d16 19 3.899092483632256
31 RQ_d44 20 3.862069314437182
31 RQ_d32 21 3.8011939173496363
31 RQ_d20 22 3.768040101043108
31 RQ_d82 23 3.7651048321400076
31 RQ_d139 24 3.7383289592745523
31 RQ_d195 25 3.711194997132163
31 RQ_d6 26 3.7021450296423533
31 RQ_d67 27 3.697967374073532
31 RQ_d278 28 3.6929106441468424
31 RQ_d43 29 3.6824117142831394
31 RQ_d56 30 3.674877602700656
31 RQ_d153 31 3.6349561764681533
31 RQ_d269 32 3.6326675370432526
31 RQ_d274 33 3.6218846683576778
31 RQ_d87 34 3.5764202194245787
31 RQ_d21 35 3.5743056575702297
31 RQ_d5 36 3.544153535103154
31 RQ_d154 37 3.5344401499664935
31 RQ_d37 38 3.500097169239084
31 RQ_d268 39 3.422636684134608
31 RQ_d152 40 3.396759379234366
31 RQ_d72 41 3.37847867291283
31 RQ_d64 42 3.3543979127751378
31 RQ_d14 43 3.3522152253598043
31 RQ_d76 44 3.3394329223508445
31 RQ_d42 45 3.331720503666351
31 RQ_d15 46 3.3274232458537876
31 RQ_d83 47 3.297161409837772
31 RQ_d250 48 3.281830468006219
31 RQ_d143 49 3.210427982980527
31 RQ_d205 50 3.182370950292024
31 RQ_d1 51 3.165267692404781
31 RQ_d58 52 3.160092252248432
31 RQ_d102 53 3.1267994658443667
31 RQ_d3 54 3.1198963536768693
31 RQ_d311 55 3.108215606667982
31 RQ_d63 56 3.0858639600334508
31 RQ_d22 57 3.068913763382047
31 RQ_d47 58 3.068208949381813
31 RQ_d125 59 3.059753325752673
31 RQ_d126 60 3.030397430712953
31 RQ_d277 61 3.0291509025953784
31 RQ_d210 62 2.995039214078775
31 RQ_d211 63 2.9777028529463956
31 RQ_d81 64 2.9585981448907304
31 RQ_d33 65 2.9572672626536676
31 RQ_d141 66 2.9350287284839554
31 RQ_d12 67 2.9252707257559156
31 RQ_d10 68 2.9152922568330286
31 RQ_d66 69 2.9097793287220264
31 RQ_d200 70 2.903243880600068
31 RQ_d86 71 2.859582008595826
31 RQ_d45 72 2.8586924655121013
31 RQ_d18 73 2.8462389682965714
31 RQ_d160 74 2.831598811541774
31 RQ_d65 75 2.8287328155051354
31 RQ_d78 76 2.8275110089645414
31 RQ_d80 77 2.8213526805609863
31 RQ_d89 78 2.776762958976181
31 RQ_d79 79 2.769005910575407
31 RQ_d88 80 2.7596120153700885
31 RQ_d31 81 2.753018621928064
31 RQ_d55 82 2.7521036172166515
31 RQ_d230 83 2.7324557663358493
31 RQ_d98 84 2.6553892643341435
31 RQ_d17 85 2.5965150129984376
31 RQ_d146 86 2.5925320896296005
31 RQ_d19 87 2.5239688816963755
31 RQ_d2 88 2.4938914595121036
31 RQ_d280 89 2.460325826701478
31 RQ_d41 90 2.3854325633673326
31 RQ_d248 91 2.383415881934747
31 RQ_d298 92 2.3731976829763766
31 RQ_d85 93 2.3557080329704077
31 RQ_d168 94 2.024591198566695
31 RQ_d251 95 1.8492553230270394
32 RQ_d119 0 4.544426077236931
32 RQ_d7 1 4.345798361480615
32 RQ_d61 2 4.321901040892767
32 RQ_d8 3 4.290057231831743
32 RQ_d51 4 4.03897030058629
32 RQ_d9 5 3.952898313735599
32 RQ_d4 6 3.9354634877051367
32 RQ_d60 7 3.8890936260468876
32 RQ_d6 8 3.7021450296423533
32 RQ_d52 9 3.6201274944521113
32 RQ_d5 10 3.544153535103154
32 RQ_d115 11 3.5148101979427624
32 RQ_d198 12 3.4222444503428053
32 RQ_d62 13 3.4134983585167777
32 RQ_d1 14 3.165267692404781
32 RQ_d3 15 3.1198963536768693
32 RQ_d63 16 3.0858639600334508
32 RQ_d171 17 2.980157385769046
32 RQ_d259 18 2.932464979030687
32 RQ_d25 19 2.6847523870815873
32 RQ_d2 20 2.4938914595121036
32 RQ_d59 21 2.4715177283620364
32 RQ_d280 22 2.460325826701478
32 RQ_d201 23 2.152145303877034
32 RQ_d50 24 1.9307382445963688
32 RQ_d49 25 1.7205745793600051
33 RQ_d240 0 5.219530788075003
33 RQ_d38 1 4.4497489910269765
33 RQ_d70 2 4.446676934693241
33 RQ_d7 3 4.345798361480615
33 RQ_d34 4 4.265654470237626
33 RQ_d40 5 4.236931716085152
33 RQ_d11 6 4.192228946026122
33 RQ_d36 7 4.078497578285794
33 RQ_d39 8 4.07570443825848
33 RQ_d91 9 3.9047121056307534
33 RQ_d44 10 3.862069314437182
33 RQ_d32 11 3.8011939173496363
33 RQ_d82 12 3.7651048321400076
33 RQ_d139 13 3.7383289592745523
33 RQ_d43 14 3.6824117142831394
33 RQ_d87 15 3.5764202194245787
33 RQ_d37 16 3.500097169239084
33 RQ_d64 17 3.3543979127751378
33 RQ_d42 18 3.331720503666351
33 RQ_d260 19 3.3060312536753873
33 RQ_d83 20 3.297161409837772
33 RQ_d250 21 3.281830468006219
33 RQ_d90 22 3.1824712200436247
33 RQ_d102 23 3.1267994658443667
33 RQ_d311 24 3.108215606667982
33 RQ_d81 25 2.9585981448907304
33 RQ_d259 26 2.932464979030687
33 RQ_d12 27 2.9252707257559156
33 RQ_d66 28 2.9097793287220264
33 RQ_d35 29 2.891646161465497
33 RQ_d86 30 2.859582008595826
33 RQ_d45 31 2.8586924655121013
33 RQ_d80 32 2.8213526805609863
33 RQ_d89 33 2.776762958976181
33 RQ_d88 34 2.7596120153700885
33 RQ_d31 35 2.753018621928064
33 RQ_d239 36 2.740638313218815
33 RQ_d98 37 2.6553892643341435
33 RQ_d17 38 2.5965150129984376
33 RQ_d19 39 2.5239688816963755
33 RQ_d280 40 2.460325826701478
33 RQ_d241 41 2.4140085369406634
33 RQ_d41 42 2.3854325633673326
33 RQ_d248 43 2.383415881934747
33 RQ_d85 44 2.3557080329704077
33 RQ_d251 45 1.8492553230270394
34 RQ_d240 0 5.219530788075003
34 RQ_d70 1 4.446676934693241
34 RQ_d34 2 4.265654470237626
34 RQ_d91 3 3.9047121056307534
34 RQ_d94 4 3.821127464973354
34 RQ_d87 5 3.5764202194245787
34 RQ_d236 6 3.5738930035372367
34 RQ_d234 7 3.4229335122565514
34 RQ_d260 8 3.3060312536753873
34 RQ_d235 9 3.276232500420346
34 RQ_d233 10 3.19290618068161
34 RQ_d90 11 3.1824712200436247
34 RQ_d185 12 3.1012718415518257
34 RQ_d266 13 2.9753010611970847
34 RQ_d259 14 2.932464979030687
34 RQ_d35 15 2.891646161465497
34 RQ_d93 16 2.7542657328062354
34 RQ_d239 17 2.740638313218815
34 RQ_d98 18 2.6553892643341435
34 RQ_d92 19 2.6340600573164106
34 RQ_d241 20 2.4140085369406634
34 RQ_d232 21 2.3104161320845504
34 RQ_d284 22 2.0134560415916676
34 RQ_d251 23 1.8492553230270394
35 RQ_d84 0 5.130676054886726
35 RQ_d27 1 5.035098759193431
35 RQ_d11 2 4.192228946026122
35 RQ_d39 3 4.07570443825848
35 RQ_d9 4 3.952898313735599
35 RQ_d32 5 3.8011939173496363
35 RQ_d82 6 3.7651048321400076
35 RQ_d43 7 3.6824117142831394
35 RQ_d28 8 3.5405335727377096
35 RQ_d121 9 3.511547577912833
35 RQ_d37 10 3.500097169239084
35 RQ_d97 11 3.4914838637240986
35 RQ_d30 12 3.4875206965315084
35 RQ_d26 13 3.4561868530995294
35 RQ_d53 14 3.341329263969568
35 RQ_d54 15 3.2692213186481713
35 RQ_d103 16 3.2691025305861925
35 RQ_d193 17 3.1838292816011897
35 RQ_d102 18 3.1267994658443667
35 RQ_d63 19 3.0858639600334508
35 RQ_d266 20 2.9753010611970847
35 RQ_d33 21 2.9572672626536676
35 RQ_d101 22 2.851446509864345
35 RQ_d95 23 2.838718714625215
35 RQ_d80 24 2.8213526805609863
35 RQ_d316 25 2.8039719151689986
35 RQ_d315 26 2.7965683355326245
35 RQ_d239 27 2.740638313218815
35 RQ_d99 28 2.6625308470844766
35 RQ_d98 29 2.6553892643341435
35 RQ_d196 30 2.6414690629446174
35 RQ_d241 31 2.4140085369406634
35 RQ_d41 32 2.3854325633673326
35 RQ_d96 33 2.3507281819402635
35 RQ_d286 34 2.3445189145488414
35 RQ_d49 35 1.7205745793600051
36 RQ_d84 0 5.130676054886726
36 RQ_d27 1 5.035098759193431
36 RQ_d11 2 4.192228946026122
36 RQ_d39 3 4.07570443825848
36 RQ_d9 4 3.952898313735599
36 RQ_d107 5 3.9155824244853465
36 RQ_d32 6 3.8011939173496363
36 RQ_d82 7 3.7651048321400076
36 RQ_d43 8 3.6824117142831394
36 RQ_d288 9 3.5900244774521366
36 RQ_d28 10 3.5405335727377096
36 RQ_d121 11 3.511547577912833
36 RQ_d37 12 3.500097169239084
36 RQ_d97 13 3.4914838637240986
36 RQ_d30 14 3.4875206965315084
36 RQ_d26 15 3.4561868530995294
36 RQ_d112 16 3.3837857256114856
36 RQ_d53 17 3.341329263969568
36 RQ_d54 18 3.2692213186481713
36 RQ_d103 19 3.2691025305861925
36 RQ_d193 20 3.1838292816011897
36 RQ_d102 21 3.1267994658443667
36 RQ_d63 22 3.0858639600334508
36 RQ_d266 23 2.9753010611970847
36 RQ_d33 24 2.9572672626536676
36 RQ_d283 25 2.9026354407469563
36 RQ_d281 26 2.883189648177325
36 RQ_d287 27 2.8725443340532846
36 RQ_d101 28 2.851446509864345
36 RQ_d95 29 2.838718714625215
36 RQ_d80 30 2.8213526805609863
36 RQ_d244 31 2.807786411307826
36 RQ_d316 32 2.8039719151689986
36 RQ_d315 33 2.7965683355326245
36 RQ_d116 34 2.7740854951433325
36 RQ_d239 35 2.740638313218815
36 RQ_d99 36 2.6625308470844766
36 RQ_d282 37 2.661250796112783
36 RQ_d98 38 2.6553892643341435
36 RQ_d196 39 2.6414690629446174
36 RQ_d280 40 2.460325826701478
36 RQ_d241 41 2.4140085369406634
36 RQ_d41 42 2.3854325633673326
36 RQ_d96 43 2.3507281819402635
36 RQ_d286 44 2.3445189145488414
36 RQ_d301 45 2.026784885046378
36 RQ_d284 46 2.0134560415916676
36 RQ_d49 47 1.7205745793600051
36 RQ_d242 48 1.6345190941990029
37 RQ_d107 0 3.9155824244853465
37 RQ_d192 1 3.570833590379636
37 RQ_d106 2 3.435687809839327
37 RQ_d104 3 3.4096988164748008
37 RQ_d155 4 3.3520072312379003
37 RQ_d105 5 3.332910440771015
37 RQ_d110 6 3.30085974143261
37 RQ_d171 7 2.980157385769046
37 RQ_d137 8 2.898501013871657
37 RQ_d118 9 2.8952445655494965
37 RQ_d157 10 2.8568259986609066
37 RQ_d111 11 2.7885493342750243
37 RQ_d117 12 2.718125783453523
37 RQ_d150 13 2.7040112072335654
37 RQ_d223 14 2.595634383773935
37 RQ_d108 15 2.5602613237555487
37 RQ_d109 16 2.4032999070407515
37 RQ_d201 17 2.152145303877034
37 RQ_d135 18 1.8424789907992665
37 RQ_d138 19 1.5473510957641867
38 RQ_d107 0 3.9155824244853465
38 RQ_d192 1 3.570833590379636
38 RQ_d106 2 3.435687809839327
38 RQ_d104 3 3.4096988164748008
38 RQ_d155 4 3.3520072312379003
38 RQ_d105 5 3.332910440771015
38 RQ_d110 6 3.30085974143261
38 RQ_d171 7 2.980157385769046
38 RQ_d137 8 2.898501013871657
38 RQ_d118 9 2.8952445655494965
38 RQ_d157 10 2.8568259986609066
38 RQ_d111 11 2.7885493342750243
38 RQ_d117 12 2.718125783453523
38 RQ_d150 13 2.7040112072335654
38 RQ_d223 14 2.595634383773935
38 RQ_d108 15 2.5602613237555487
38 RQ_d109 16 2.4032999070407515
38 RQ_d201 17 2.152145303877034
38 RQ_d135 18 1.8424789907992665
38 RQ_d138 19 1.5473510957641867
39 RQ_d113 0 3.8158823364098873
39 RQ_d114 1 3.7677877092666097
39 RQ_d314 2 3.661928832173361
39 RQ_d52 3 3.6201274944521113
39 RQ_d115 4 3.5148101979427624
39 RQ_d317 5 3.444529181435524
39 RQ_d112 6 3.3837857256114856
39 RQ_d103 7 3.2691025305861925
39 RQ_d316 8 2.8039719151689986
39 RQ_d116 9 2.7740854951433325
39 RQ_d100 10 1.9213796378566557
40 RQ_d240 0 5.219530788075003
40 RQ_d68 1 5.131119213957731
40 RQ_d27 2 5.035098759193431
40 RQ_d119 3 4.544426077236931
40 RQ_d82 4 3.7651048321400076
40 RQ_d43 5 3.6824117142831394
40 RQ_d258 6 3.6770408896670137
40 RQ_d314 7 3.661928832173361
40 RQ_d29 8 3.5582866155314545
40 RQ_d121 9 3.511547577912833
40 RQ_d317 10 3.444529181435524
40 RQ_d260 11 3.3060312536753873
40 RQ_d143 12 3.210427982980527
40 RQ_d238 13 3.1604059912888856
40 RQ_d259 14 2.932464979030687
40 RQ_d160 15 2.831598811541774
40 RQ_d316 16 2.8039719151689986
40 RQ_d315 17 2.7965683355326245
40 RQ_d123 18 2.7137827076506014
40 RQ_d204 19 2.7090522024556787
40 RQ_d257 20 2.33582683194513
40 RQ_d189 21 2.2744526071610096
40 RQ_d120 22 1.9575703026758893
40 RQ_d122 23 1.7309707430853745
41 RQ_d142 0 4.4807607341248135
41 RQ_d40 1 4.236931716085152
41 RQ_d213 2 4.085901776587258
41 RQ_d16 3 3.899092483632256
41 RQ_d195 4 3.711194997132163
41 RQ_d67 5 3.697967374073532
41 RQ_d278 6 3.6929106441468424
41 RQ_d153 7 3.6349561764681533
41 RQ_d128 8 3.6219871101710646
41 RQ_d152 9 3.396759379234366
41 RQ_d14 10 3.3522152253598043
41 RQ_d127 11 3.2263813865455724
41 RQ_d143 12 3.210427982980527
41 RQ_d47 13 3.068208949381813
41 RQ_d125 14 3.059753325752673
41 RQ_d126 15 3.030397430712953
41 RQ_d277 16 3.0291509025953784
41 RQ_d141 17 2.9350287284839554
41 RQ_d12 18 2.9252707257559156
41 RQ_d66 19 2.9097793287220264
41 RQ_d200 20 2.903243880600068
41 RQ_d18 21 2.8462389682965714
41 RQ_d160 22 2.831598811541774
41 RQ_d65 23 2.8287328155051354
41 RQ_d230 24 2.7324557663358493
41 RQ_d146 25 2.5925320896296005
41 RQ_d19 26 2.5239688816963755
41 RQ_d298 27 2.3731976829763766
41 RQ_d168 28 2.024591198566695
42 RQ_d133 0 2.771580058195144
42 RQ_d131 1 2.5075510969781134
42 RQ_d132 2 1.8126885431270872
42 RQ_d130 3 1.740173188529974
43 RQ_d107 0 3.9155824244853465
43 RQ_d192 1 3.570833590379636
43 RQ_d104 2 3.4096988164748008
43 RQ_d155 3 3.3520072312379003
43 RQ_d110 4 3.30085974143261
43 RQ_d171 5 2.980157385769046
43 RQ_d137 6 2.898501013871657
43 RQ_d118 7 2.8952445655494965
43 RQ_d157 8 2.8568259986609066
43 RQ_d136 9 2.8238247206352
43 RQ_d111 10 2.7885493342750243
43 RQ_d150 11 2.7040112072335654
43 RQ_d223 12 2.595634383773935
43 RQ_d108 13 2.5602613237555487
43 RQ_d201 14 2.152145303877034
43 RQ_d134 15 2.051109806367143
43 RQ_d149 16 1.9968504343495599
43 RQ_d135 17 1.8424789907992665
43 RQ_d138 18 1.5473510957641867
44 RQ_d159 0 4.758711359410216
44 RQ_d142 1 4.4807607341248135
44 RQ_d40 2 4.236931716085152
44 RQ_d151 3 4.152768367700383
44 RQ_d140 4 4.113681483421727
44 RQ_d213 5 4.085901776587258
44 RQ_d16 6 3.899092483632256
44 RQ_d139 7 3.7383289592745523
44 RQ_d195 8 3.711194997132163
44 RQ_d67 9 3.697967374073532
44 RQ_d278 10 3.6929106441468424
44 RQ_d153 11 3.6349561764681533
44 RQ_d154 12 3.5344401499664935
44 RQ_d152 13 3.396759379234366
44 RQ_d14 14 3.3522152253598043
44 RQ_d143 15 3.210427982980527
44 RQ_d47 16 3.068208949381813
44 RQ_d125 17 3.059753325752673
44 RQ_d126 18 3.030397430712953
44 RQ_d277 19 3.0291509025953784
44 RQ_d141 20 2.9350287284839554
44 RQ_d12 21 2.9252707257559156
44 RQ_d66 22 2.9097793287220264
44 RQ_d200 23 2.903243880600068
44 RQ_d18 24 2.8462389682965714
44 RQ_d160 25 2.831598811541774
44 RQ_d65 26 2.8287328155051354
44 RQ_d230 27 2.7324557663358493
44 RQ_d146 28 2.5925320896296005
44 RQ_d19 29 2.5239688816963755
44 RQ_d298 30 2.3731976829763766
44 RQ_d168 31 2.024591198566695
45 RQ_d148 0 3.7861646551658548
45 RQ_d167 1 3.057390245180596
45 RQ_d145 2 2.9946595181805526
45 RQ_d144 3 2.764276864218741
45 RQ_d169 4 2.7054313690643235
45 RQ_d170 5 2.603870258929831
45 RQ_d147 6 2.6001926933540696
45 RQ_d146 7 2.5925320896296005
45 RQ_d166 8 2.102671784066063
46 RQ_d107 0 3.9155824244853465
46 RQ_d192 1 3.570833590379636
46 RQ_d104 2 3.4096988164748008
46 RQ_d155 3 3.3520072312379003
46 RQ_d110 4 3.30085974143261
46 RQ_d171 5 2.980157385769046
46 RQ_d137 6 2.898501013871657
46 RQ_d118 7 2.8952445655494965
46 RQ_d157 8 2.8568259986609066
46 RQ_d136 9 2.8238247206352
46 RQ_d111 10 2.7885493342750243
46 RQ_d150 11 2.7040112072335654
46 RQ_d223 12 2.595634383773935
46 RQ_d108 13 2.5602613237555487
46 RQ_d201 14 2.152145303877034
46 RQ_d134 15 2.051109806367143
46 RQ_d149 16 1.9968504343495599
46 RQ_d135 17 1.8424789907992665
46 RQ_d138 18 1.5473510957641867
48 RQ_d171 0 2.980157385769046
48 RQ_d217 1 2.9359121608970966
48 RQ_d137 2 2.898501013871657
48 RQ_d157 3 2.8568259986609066
48 RQ_d136 4 2.8238247206352
48 RQ_d182 5 2.818318366171229
48 RQ_d150 6 2.7040112072335654
48 RQ_d134 7 2.051109806367143
48 RQ_d149 8 1.9968504343495599
48 RQ_d135 9 1.8424789907992665
48 RQ_d138 10 1.5473510957641867
49 RQ_d159 0 4.758711359410216
49 RQ_d142 1 4.4807607341248135
49 RQ_d70 2 4.446676934693241
49 RQ_d40 3 4.236931716085152
49 RQ_d151 4 4.152768367700383
49 RQ_d140 5 4.113681483421727
49 RQ_d213 6 4.085901776587258
49 RQ_d16 7 3.899092483632256
49 RQ_d139 8 3.7383289592745523
49 RQ_d195 9 3.711194997132163
49 RQ_d67 10 3.697967374073532
49 RQ_d278 11 3.6929106441468424
49 RQ_d43 12 3.6824117142831394
49 RQ_d153 13 3.6349561764681533
49 RQ_d154 14 3.5344401499664935
49 RQ_d152 15 3.396759379234366
49 RQ_d14 16 3.3522152253598043
49 RQ_d143 17 3.210427982980527
49 RQ_d47 18 3.068208949381813
49 RQ_d125 19 3.059753325752673
49 RQ_d126 20 3.030397430712953
49 RQ_d277 21 3.0291509025953784
49 RQ_d293 22 2.9848622942742358
49 RQ_d141 23 2.9350287284839554
49 RQ_d12 24 2.9252707257559156
49 RQ_d66 25 2.9097793287220264
49 RQ_d200 26 2.903243880600068
49 RQ_d18 27 2.8462389682965714
49 RQ_d160 28 2.831598811541774
49 RQ_d65 29 2.8287328155051354
49 RQ_d230 30 2.7324557663358493
49 RQ_d305 31 2.6907752303026404
49 RQ_d191 32 2.597550415229778
49 RQ_d146 33 2.5925320896296005
49 RQ_d19 34 2.5239688816963755
49 RQ_d298 35 2.3731976829763766
49 RQ_d168 36 2.024591198566695
50 RQ_d161 0 3.8266558930238412
50 RQ_d165 1 3.4487762546817047
50 RQ_d164 2 3.29460761027975
50 RQ_d162 3 2.5056582208653366
50 RQ_d163 4 2.3463414010526393
51 RQ_d148 0 3.7861646551658548
51 RQ_d317 1 3.444529181435524
51 RQ_d167 2 3.057390245180596
51 RQ_d145 3 2.9946595181805526
51 RQ_d45 4 2.8586924655121013
51 RQ_d89 5 2.776762958976181
51 RQ_d144 6 2.764276864218741
51 RQ_d169 7 2.7054313690643235
51 RQ_d291 8 2.6778294889287624
51 RQ_d170 9 2.603870258929831
51 RQ_d147 10 2.6001926933540696
51 RQ_d146 11 2.5925320896296005
51 RQ_d172 12 2.5587030503396506
51 RQ_d298 13 2.3731976829763766
51 RQ_d166 14 2.102671784066063
51 RQ_d168 15 2.024591198566695
52 RQ_d175 0 4.603856130957227
52 RQ_d312 1 4.396392100798799
52 RQ_d61 2 4.321901040892767
52 RQ_d310 3 4.106876260728431
52 RQ_d114 4 3.7677877092666097
52 RQ_d112 5 3.3837857256114856
52 RQ_d176 6 3.171955208408612
52 RQ_d63 7 3.0858639600334508
52 RQ_d174 8 2.975491918704942
52 RQ_d199 9 2.8164357834517846
52 RQ_d172 10 2.5587030503396506
52 RQ_d241 11 2.4140085369406634
52 RQ_d173 12 2.0261783186350995
53 RQ_d38 0 4.4497489910269765
53 RQ_d312 1 4.396392100798799
53 RQ_d13 2 4.286899552078831
53 RQ_d11 3 4.192228946026122
53 RQ_d46 4 4.049237980034028
53 RQ_d221 5 3.9823538858142884
53 RQ_d107 6 3.9155824244853465
53 RQ_d32 7 3.8011939173496363
53 RQ_d20 8 3.768040101043108
53 RQ_d195 9 3.711194997132163
53 RQ_d128 10 3.6219871101710646
53 RQ_d184 11 3.5693512078109864
53 RQ_d29 12 3.5582866155314545
53 RQ_d115 13 3.5148101979427624
53 RQ_d58 14 3.160092252248432
53 RQ_d22 15 3.068913763382047
53 RQ_d125 16 3.059753325752673
53 RQ_d277 17 3.0291509025953784
53 RQ_d178 18 2.860576466998903
53 RQ_d48 19 2.846880386632562
53 RQ_d78 20 2.8275110089645414
53 RQ_d181 21 2.7924607433550825
53 RQ_d24 22 2.782285715881577
53 RQ_d180 23 2.770373602454591
53 RQ_d307 24 2.6937849431724676
53 RQ_d25 25 2.6847523870815873
53 RQ_d191 26 2.597550415229778
53 RQ_d109 27 2.4032999070407515
53 RQ_d179 28 2.2049702657421606
53 RQ_d202 29 1.882764997202618
53 RQ_d177 30 1.3864357679252501
54 RQ_d285 0 4.192697875857034
54 RQ_d213 1 4.085901776587258
54 RQ_d270 2 3.9887095763361864
54 RQ_d208 3 3.950474866556466
54 RQ_d186 4 3.758705749039588
54 RQ_d278 5 3.6929106441468424
54 RQ_d269 6 3.6326675370432526
54 RQ_d184 7 3.5693512078109864
54 RQ_d268 8 3.422636684134608
54 RQ_d206 9 3.207644617335612
54 RQ_d205 10 3.182370950292024
54 RQ_d185 11 3.1012718415518257
54 RQ_d183 12 3.0008793919192738
54 RQ_d210 13 2.995039214078775
54 RQ_d211 14 2.9777028529463956
54 RQ_d283 15 2.9026354407469563
54 RQ_d287 16 2.8725443340532846
54 RQ_d178 17 2.860576466998903
54 RQ_d182 18 2.818318366171229
54 RQ_d279 19 2.81128325328688
54 RQ_d181 20 2.7924607433550825
54 RQ_d111 21 2.7885493342750243
54 RQ_d204 22 2.7090522024556787
54 RQ_d207 23 2.6565053862390835
54 RQ_d267 24 2.51768772888251
54 RQ_d109 25 2.4032999070407515
54 RQ_d286 26 2.3445189145488414
54 RQ_d313 27 1.8373020235041684
55 RQ_d74 0 5.507858673789926
55 RQ_d159 1 4.758711359410216
55 RQ_d273 2 4.459266483090258
55 RQ_d70 3 4.446676934693241
55 RQ_d73 4 4.1162069003429
55 RQ_d140 5 4.113681483421727
55 RQ_d270 6 3.9887095763361864
55 RQ_d203 7 3.9824938963300025
55 RQ_d221 8 3.9823538858142884
55 RQ_d208 9 3.950474866556466
55 RQ_d77 10 3.881614511904624
55 RQ_d190 11 3.743598775888485
55 RQ_d209 12 3.6519588200442232
55 RQ_d153 13 3.6349561764681533
55 RQ_d269 14 3.6326675370432526
55 RQ_d128 15 3.6219871101710646
55 RQ_d274 16 3.6218846683576778
55 RQ_d268 17 3.422636684134608
55 RQ_d72 18 3.37847867291283
55 RQ_d155 19 3.3520072312379003
55 RQ_d76 20 3.3394329223508445
55 RQ_d42 21 3.331720503666351
55 RQ_d272 22 3.3153159346663874
55 RQ_d292 23 3.24392226118007
55 RQ_d206 24 3.207644617335612
55 RQ_d205 25 3.182370950292024
55 RQ_d311 26 3.108215606667982
55 RQ_d188 27 3.0798661779053513
55 RQ_d71 28 3.062236130633124
55 RQ_d277 29 3.0291509025953784
55 RQ_d265 30 3.003061941191818
55 RQ_d210 31 2.995039214078775
55 RQ_d211 32 2.9777028529463956
55 RQ_d266 33 2.9753010611970847
55 RQ_d264 34 2.939006032996388
55 RQ_d263 35 2.896922024716703
55 RQ_d178 36 2.860576466998903
55 RQ_d204 37 2.7090522024556787
55 RQ_d207 38 2.6565053862390835
55 RQ_d191 39 2.597550415229778
55 RQ_d267 40 2.51768772888251
55 RQ_d262 41 2.484142617618591
55 RQ_d271 42 2.3196359779587836
55 RQ_d189 43 2.2744526071610096
55 RQ_d249 44 1.955307443617248
55 RQ_d202 45 1.882764997202618
56 RQ_d194 0 4.804241798801475
56 RQ_d195 1 3.711194997132163
56 RQ_d192 2 3.570833590379636
56 RQ_d198 3 3.4222444503428053
56 RQ_d193 4 3.1838292816011897
56 RQ_d196 5 2.6414690629446174
57 RQ_d197 0 3.7146357536716668
57 RQ_d195 1 3.711194997132163
57 RQ_d198 2 3.4222444503428053
57 RQ_d200 3 2.903243880600068
57 RQ_d199 4 2.8164357834517846
57 RQ_d201 5 2.152145303877034
58 RQ_d273 0 4.459266483090258
58 RQ_d270 1 3.9887095763361864
58 RQ_d203 2 3.9824938963300025
58 RQ_d208 3 3.950474866556466
58 RQ_d107 4 3.9155824244853465
58 RQ_d190 5 3.743598775888485
58 RQ_d209 6 3.6519588200442232
58 RQ_d269 7 3.6326675370432526
58 RQ_d274 8 3.6218846683576778
58 RQ_d268 9 3.422636684134608
58 RQ_d272 10 3.3153159346663874
58 RQ_d110 11 3.30085974143261
58 RQ_d206 12 3.207644617335612
58 RQ_d205 13 3.182370950292024
58 RQ_d188 14 3.0798661779053513
58 RQ_d265 15 3.003061941191818
58 RQ_d210 16 2.995039214078775
58 RQ_d211 17 2.9777028529463956
58 RQ_d266 18 2.9753010611970847
58 RQ_d264 19 2.939006032996388
58 RQ_d200 20 2.903243880600068
58 RQ_d263 21 2.896922024716703
58 RQ_d207 22 2.6565053862390835
58 RQ_d191 23 2.597550415229778
58 RQ_d223 24 2.595634383773935
58 RQ_d309 25 2.4473356404696487
58 RQ_d271 26 2.3196359779587836
58 RQ_d189 27 2.2744526071610096
58 RQ_d202 28 1.882764997202618
59 RQ_d273 0 4.459266483090258
59 RQ_d285 1 4.192697875857034
59 RQ_d270 2 3.9887095763361864
59 RQ_d203 3 3.9824938963300025
59 RQ_d208 4 3.950474866556466
59 RQ_d186 5 3.758705749039588
59 RQ_d190 6 3.743598775888485
59 RQ_d209 7 3.6519588200442232
59 RQ_d269 8 3.6326675370432526
59 RQ_d274 9 3.6218846683576778
59 RQ_d184 10 3.5693512078109864
59 RQ_d268 11 3.422636684134608
59 RQ_d272 12 3.3153159346663874
59 RQ_d206 13 3.207644617335612
59 RQ_d205 14 3.182370950292024
59 RQ_d185 15 3.1012718415518257
59 RQ_d188 16 3.0798661779053513
59 RQ_d265 17 3.003061941191818
59 RQ_d183 18 3.0008793919192738
59 RQ_d210 19 2.995039214078775
59 RQ_d211 20 2.9777028529463956
59 RQ_d266 21 2.9753010611970847
59 RQ_d264 22 2.939006032996388
59 RQ_d283 23 2.9026354407469563
59 RQ_d263 24 2.896922024716703
59 RQ_d287 25 2.8725443340532846
59 RQ_d178 26 2.860576466998903
59 RQ_d182 27 2.818318366171229
59 RQ_d204 28 2.7090522024556787
59 RQ_d207 29 2.6565053862390835
59 RQ_d191 30 2.597550415229778
59 RQ_d267 31 2.51768772888251
59 RQ_d286 32 2.3445189145488414
59 RQ_d271 33 2.3196359779587836
59 RQ_d189 34 2.2744526071610096
59 RQ_d202 35 1.882764997202618
60 RQ_d273 0 4.459266483090258
60 RQ_d285 1 4.192697875857034
60 RQ_d270 2 3.9887095763361864
60 RQ_d203 3 3.9824938963300025
60 RQ_d208 4 3.950474866556466
60 RQ_d186 5 3.758705749039588
60 RQ_d190 6 3.743598775888485
60 RQ_d209 7 3.6519588200442232
60 RQ_d269 8 3.6326675370432526
60 RQ_d274 9 3.6218846683576778
60 RQ_d184 10 3.5693512078109864
60 RQ_d268 11 3.422636684134608
60 RQ_d272 12 3.3153159346663874
60 RQ_d206 13 3.207644617335612
60 RQ_d205 14 3.182370950292024
60 RQ_d311 15 3.108215606667982
60 RQ_d185 16 3.1012718415518257
60 RQ_d188 17 3.0798661779053513
60 RQ_d265 18 3.003061941191818
60 RQ_d183 19 3.0008793919192738
60 RQ_d210 20 2.995039214078775
60 RQ_d211 21 2.9777028529463956
60 RQ_d266 22 2.9753010611970847
60 RQ_d264 23 2.939006032996388
60 RQ_d283 24 2.9026354407469563
60 RQ_d263 25 2.896922024716703
60 RQ_d287 26 2.8725443340532846
60 RQ_d178 27 2.860576466998903
60 RQ_d182 28 2.818318366171229
60 RQ_d204 29 2.7090522024556787
60 RQ_d207 30 2.6565053862390835
60 RQ_d191 31 2.597550415229778
60 RQ_d267 32 2.51768772888251
60 RQ_d286 33 2.3445189145488414
60 RQ_d271 34 2.3196359779587836
60 RQ_d189 35 2.2744526071610096
60 RQ_d202 36 1.882764997202618
61 RQ_d240 0 5.219530788075003
61 RQ_d129 1 4.333448818739772
61 RQ_d34 2 4.265654470237626
61 RQ_d214 3 4.24446032791229
61 RQ_d216 4 4.241403534024482
61 RQ_d213 5 4.085901776587258
61 RQ_d186 6 3.758705749039588
61 RQ_d128 7 3.6219871101710646
61 RQ_d236 8 3.5738930035372367
61 RQ_d234 9 3.4229335122565514
61 RQ_d260 10 3.3060312536753873
61 RQ_d250 11 3.281830468006219
61 RQ_d235 12 3.276232500420346
61 RQ_d233 13 3.19290618068161
61 RQ_d254 14 3.1367333458235405
61 RQ_d63 15 3.0858639600334508
61 RQ_d183 16 3.0008793919192738
61 RQ_d217 17 2.9359121608970966
61 RQ_d95 18 2.838718714625215
61 RQ_d255 19 2.8141616644081346
61 RQ_d252 20 2.6931681495541007
61 RQ_d99 21 2.6625308470844766
61 RQ_d146 22 2.5925320896296005
61 RQ_d131 23 2.5075510969781134
61 RQ_d212 24 2.4156324275761794
61 RQ_d249 25 1.955307443617248
62 RQ_d220 0 3.9831460734664765
62 RQ_d221 1 3.9823538858142884
62 RQ_d276 2 3.876386291058985
62 RQ_d128 3 3.6219871101710646
62 RQ_d219 4 3.3257640030852116
62 RQ_d218 5 3.2144113258947735
62 RQ_d277 6 3.0291509025953784
62 RQ_d217 7 2.9359121608970966
62 RQ_d279 8 2.81128325328688
62 RQ_d99 9 2.6625308470844766
62 RQ_d108 10 2.5602613237555487
62 RQ_d41 11 2.3854325633673326
62 RQ_d96 12 2.3507281819402635
62 RQ_d275 13 2.1575907536218373
62 RQ_d177 14 1.3864357679252501
63 RQ_d222 0 4.4399396617382125
63 RQ_d256 1 3.4142425335893627
63 RQ_d105 2 3.332910440771015
63 RQ_d254 3 3.1367333458235405
63 RQ_d255 4 2.8141616644081346
63 RQ_d252 5 2.6931681495541007
63 RQ_d223 6 2.595634383773935
63 RQ_d289 7 2.339192043289114
63 RQ_d224 8 2.1053575448834407
63 RQ_d225 9 1.9639100431974936
63 RQ_d253 10 1.927405396528839
63 RQ_d226 11 1.4148050870278286
64 RQ_d184 0 3.5693512078109864
64 RQ_d265 1 3.003061941191818
64 RQ_d157 2 2.8568259986609066
64 RQ_d303 3 2.771298237318423
64 RQ_d230 4 2.7324557663358493
64 RQ_d229 5 2.7156420944956854
64 RQ_d307 6 2.6937849431724676
64 RQ_d305 7 2.6907752303026404
64 RQ_d231 8 2.596316812929573
64 RQ_d227 9 2.5086574270416477
64 RQ_d228 10 2.497447105012776
64 RQ_d309 11 2.4473356404696487
64 RQ_d306 12 2.2523408435434678
64 RQ_d304 13 2.041475957049228
65 RQ_d240 0 5.219530788075003
65 RQ_d214 1 4.24446032791229
65 RQ_d215 2 3.9327300801208
65 RQ_d94 3 3.821127464973354
65 RQ_d128 4 3.6219871101710646
65 RQ_d236 5 3.5738930035372367
65 RQ_d234 6 3.4229335122565514
65 RQ_d105 7 3.332910440771015
65 RQ_d260 8 3.3060312536753873
65 RQ_d250 9 3.281830468006219
65 RQ_d235 10 3.276232500420346
65 RQ_d233 11 3.19290618068161
65 RQ_d254 12 3.1367333458235405
65 RQ_d185 13 3.1012718415518257
65 RQ_d217 14 2.9359121608970966
65 RQ_d95 15 2.838718714625215
65 RQ_d255 16 2.8141616644081346
65 RQ_d93 17 2.7542657328062354
65 RQ_d252 18 2.6931681495541007
65 RQ_d99 19 2.6625308470844766
65 RQ_d92 20 2.6340600573164106
65 RQ_d146 21 2.5925320896296005
65 RQ_d131 22 2.5075510969781134
65 RQ_d41 23 2.3854325633673326
65 RQ_d96 24 2.3507281819402635
65 RQ_d271 25 2.3196359779587836
65 RQ_d249 26 1.955307443617248
66 RQ_d240 0 5.219530788075003
66 RQ_d84 1 5.130676054886726
66 RQ_d11 2 4.192228946026122
66 RQ_d9 3 3.952898313735599
66 RQ_d32 4 3.8011939173496363
66 RQ_d82 5 3.7651048321400076
66 RQ_d258 6 3.6770408896670137
66 RQ_d314 7 3.661928832173361
66 RQ_d121 8 3.511547577912833
66 RQ_d97 9 3.4914838637240986
66 RQ_d317 10 3.444529181435524
66 RQ_d260 11 3.3060312536753873
66 RQ_d193 12 3.1838292816011897
66 RQ_d238 13 3.1604059912888856
66 RQ_d63 14 3.0858639600334508
66 RQ_d259 15 2.932464979030687
66 RQ_d101 16 2.851446509864345
66 RQ_d95 17 2.838718714625215
66 RQ_d316 18 2.8039719151689986
66 RQ_d315 19 2.7965683355326245
66 RQ_d239 20 2.740638313218815
66 RQ_d123 21 2.7137827076506014
66 RQ_d99 22 2.6625308470844766
66 RQ_d98 23 2.6553892643341435
66 RQ_d196 24 2.6414690629446174
66 RQ_d241 25 2.4140085369406634
66 RQ_d41 26 2.3854325633673326
66 RQ_d96 27 2.3507281819402635
66 RQ_d257 28 2.33582683194513
66 RQ_d189 29 2.2744526071610096
67 RQ_d221 0 3.9823538858142884
67 RQ_d4 1 3.9354634877051367
67 RQ_d114 2 3.7677877092666097
67 RQ_d6 3 3.7021450296423533
67 RQ_d314 4 3.661928832173361
67 RQ_d209 5 3.6519588200442232
67 RQ_d153 6 3.6349561764681533
67 RQ_d97 7 3.4914838637240986
67 RQ_d260 8 3.3060312536753873
67 RQ_d292 9 3.24392226118007
67 RQ_d218 10 3.2144113258947735
67 RQ_d143 11 3.210427982980527
67 RQ_d277 12 3.0291509025953784
67 RQ_d101 13 2.851446509864345
67 RQ_d48 14 2.846880386632562
67 RQ_d95 15 2.838718714625215
67 RQ_d160 16 2.831598811541774
67 RQ_d65 17 2.8287328155051354
67 RQ_d78 18 2.8275110089645414
67 RQ_d80 19 2.8213526805609863
67 RQ_d279 20 2.81128325328688
67 RQ_d315 21 2.7965683355326245
67 RQ_d89 22 2.776762958976181
67 RQ_d144 23 2.764276864218741
67 RQ_d230 24 2.7324557663358493
67 RQ_d228 25 2.497447105012776
67 RQ_d280 26 2.460325826701478
67 RQ_d257 27 2.33582683194513
67 RQ_d232 28 2.3104161320845504
67 RQ_d294 29 2.2717981877005995
67 RQ_d168 30 2.024591198566695
67 RQ_d100 31 1.9213796378566557
67 RQ_d299 32 1.8642181560872673
67 RQ_d313 33 1.8373020235041684
67 RQ_d130 34 1.740173188529974
67 RQ_d242 35 1.6345190941990029
67 RQ_d302 36 1.5567802737807575
67 RQ_d187 37 1.5061311544938507
67 RQ_d226 38 1.4148050870278286
68 RQ_d213 0 4.085901776587258
68 RQ_d51 1 4.03897030058629
68 RQ_d52 2 3.6201274944521113
68 RQ_d250 3 3.281830468006219
68 RQ_d1 4 3.165267692404781
68 RQ_d3 5 3.1198963536768693
68 RQ_d35 6 2.891646161465497
68 RQ_d157 7 2.8568259986609066
68 RQ_d80 8 2.8213526805609863
68 RQ_d99 9 2.6625308470844766
68 RQ_d172 10 2.5587030503396506
68 RQ_d59 11 2.4715177283620364
68 RQ_d280 12 2.460325826701478
68 RQ_d41 13 2.3854325633673326
68 RQ_d96 14 2.3507281819402635
68 RQ_d271 15 2.3196359779587836
68 RQ_d189 16 2.2744526071610096
68 RQ_d249 17 1.955307443617248
68 RQ_d49 18 1.7205745793600051
68 RQ_d247 19 1.6906882298356403
68 RQ_d242 20 1.6345190941990029
69 RQ_d256 0 3.4142425335893627
69 RQ_d105 1 3.332910440771015
69 RQ_d254 2 3.1367333458235405
69 RQ_d255 3 2.8141616644081346
69 RQ_d252 4 2.6931681495541007
69 RQ_d223 5 2.595634383773935
69 RQ_d289 6 2.339192043289114
69 RQ_d224 7 2.1053575448834407
69 RQ_d225 8 1.9639100431974936
69 RQ_d253 9 1.927405396528839
69 RQ_d226 10 1.4148050870278286
70 RQ_d38 0 4.4497489910269765
70 RQ_d91 1 3.9047121056307534
70 RQ_d44 2 3.862069314437182
70 RQ_d258 3 3.6770408896670137
70 RQ_d37 4 3.500097169239084
70 RQ_d261 5 3.3150500689742253
70 RQ_d260 6 3.3060312536753873
70 RQ_d259 7 2.932464979030687
71 RQ_d74 0 5.507858673789926
71 RQ_d273 1 4.459266483090258
71 RQ_d70 2 4.446676934693241
71 RQ_d73 3 4.1162069003429
71 RQ_d270 4 3.9887095763361864
71 RQ_d203 5 3.9824938963300025
71 RQ_d208 6 3.950474866556466
71 RQ_d77 7 3.881614511904624
71 RQ_d190 8 3.743598775888485
71 RQ_d209 9 3.6519588200442232
71 RQ_d269 10 3.6326675370432526
71 RQ_d274 11 3.6218846683576778
71 RQ_d268 12 3.422636684134608
71 RQ_d72 13 3.37847867291283
71 RQ_d155 14 3.3520072312379003
71 RQ_d76 15 3.3394329223508445
71 RQ_d272 16 3.3153159346663874
71 RQ_d206 17 3.207644617335612
71 RQ_d205 18 3.182370950292024
71 RQ_d311 19 3.108215606667982
71 RQ_d188 20 3.0798661779053513
71 RQ_d71 21 3.062236130633124
71 RQ_d277 22 3.0291509025953784
71 RQ_d265 23 3.003061941191818
71 RQ_d210 24 2.995039214078775
71 RQ_d211 25 2.9777028529463956
71 RQ_d266 26 2.9753010611970847
71 RQ_d264 27 2.939006032996388
71 RQ_d263 28 2.896922024716703
71 RQ_d178 29 2.860576466998903
71 RQ_d204 30 2.7090522024556787
71 RQ_d207 31 2.6565053862390835
71 RQ_d191 32 2.597550415229778
71 RQ_d267 33 2.51768772888251
71 RQ_d262 34 2.484142617618591
71 RQ_d271 35 2.3196359779587836
71 RQ_d189 36 2.2744526071610096
71 RQ_d202 37 1.882764997202618
72 RQ_d74 0 5.507858673789926
72 RQ_d273 1 4.459266483090258
72 RQ_d70 2 4.446676934693241
72 RQ_d285 3 4.192697875857034
72 RQ_d73 4 4.1162069003429
72 RQ_d270 5 3.9887095763361864
72 RQ_d203 6 3.9824938963300025
72 RQ_d208 7 3.950474866556466
72 RQ_d77 8 3.881614511904624
72 RQ_d186 9 3.758705749039588
72 RQ_d190 10 3.743598775888485
72 RQ_d209 11 3.6519588200442232
72 RQ_d269 12 3.6326675370432526
72 RQ_d274 13 3.6218846683576778
72 RQ_d184 14 3.5693512078109864
72 RQ_d268 15 3.422636684134608
72 RQ_d72 16 3.37847867291283
72 RQ_d155 17 3.3520072312379003
72 RQ_d76 18 3.3394329223508445
72 RQ_d272 19 3.3153159346663874
72 RQ_d206 20 3.207644617335612
72 RQ_d205 21 3.182370950292024
72 RQ_d311 22 3.108215606667982
72 RQ_d185 23 3.1012718415518257
72 RQ_d188 24 3.0798661779053513
72 RQ_d71 25 3.062236130633124
72 RQ_d277 26 3.0291509025953784
72 RQ_d265 27 3.003061941191818
72 RQ_d183 28 3.0008793919192738
72 RQ_d210 29 2.995039214078775
72 RQ_d211 30 2.9777028529463956
72 RQ_d266 31 2.9753010611970847
72 RQ_d264 32 2.939006032996388
72 RQ_d283 33 2.9026354407469563
72 RQ_d263 34 2.896922024716703
72 RQ_d287 35 2.8725443340532846
72 RQ_d178 36 2.860576466998903
72 RQ_d182 37 2.818318366171229
72 RQ_d204 38 2.7090522024556787
72 RQ_d207 39 2.6565053862390835
72 RQ_d191 40 2.597550415229778
72 RQ_d267 41 2.51768772888251
72 RQ_d262 42 2.484142617618591
72 RQ_d286 43 2.3445189145488414
72 RQ_d271 44 2.3196359779587836
72 RQ_d189 45 2.2744526071610096
72 RQ_d202 46 1.882764997202618
73 RQ_d74 0 5.507858673789926
73 RQ_d273 1 4.459266483090258
73 RQ_d70 2 4.446676934693241
73 RQ_d73 3 4.1162069003429
73 RQ_d270 4 3.9887095763361864
73 RQ_d203 5 3.9824938963300025
73 RQ_d208 6 3.950474866556466
73 RQ_d77 7 3.881614511904624
73 RQ_d190 8 3.743598775888485
73 RQ_d209 9 3.6519588200442232
73 RQ_d269 10 3.6326675370432526
73 RQ_d274 11 3.6218846683576778
73 RQ_d234 12 3.4229335122565514
73 RQ_d268 13 3.422636684134608
73 RQ_d72 14 3.37847867291283
73 RQ_d155 15 3.3520072312379003
73 RQ_d76 16 3.3394329223508445
73 RQ_d272 17 3.3153159346663874
73 RQ_d206 18 3.207644617335612
73 RQ_d205 19 3.182370950292024
73 RQ_d311 20 3.108215606667982
73 RQ_d188 21 3.0798661779053513
73 RQ_d71 22 3.062236130633124
73 RQ_d277 23 3.0291509025953784
73 RQ_d265 24 3.003061941191818
73 RQ_d210 25 2.995039214078775
73 RQ_d211 26 2.9777028529463956
73 RQ_d266 27 2.9753010611970847
73 RQ_d264 28 2.939006032996388
73 RQ_d263 29 2.896922024716703
73 RQ_d178 30 2.860576466998903
73 RQ_d204 31 2.7090522024556787
73 RQ_d207 32 2.6565053862390835
73 RQ_d191 33 2.597550415229778
73 RQ_d267 34 2.51768772888251
73 RQ_d262 35 2.484142617618591
73 RQ_d271 36 2.3196359779587836
73 RQ_d189 37 2.2744526071610096
73 RQ_d202 38 1.882764997202618
74 RQ_d220 0 3.9831460734664765
74 RQ_d276 1 3.876386291058985
74 RQ_d278 2 3.6929106441468424
74 RQ_d128 3 3.6219871101710646
74 RQ_d219 4 3.3257640030852116
74 RQ_d218 5 3.2144113258947735
74 RQ_d277 6 3.0291509025953784
74 RQ_d217 7 2.9359121608970966
74 RQ_d279 8 2.81128325328688
74 RQ_d99 9 2.6625308470844766
74 RQ_d108 10 2.5602613237555487
74 RQ_d295 11 2.5370285984437015
74 RQ_d41 12 2.3854325633673326
74 RQ_d96 13 2.3507281819402635
74 RQ_d275 14 2.1575907536218373
74 RQ_d177 15 1.3864357679252501
75 RQ_d221 0 3.9823538858142884
75 RQ_d4 1 3.9354634877051367
75 RQ_d114 2 3.7677877092666097
75 RQ_d6 3 3.7021450296423533
75 RQ_d314 4 3.661928832173361
75 RQ_d209 5 3.6519588200442232
75 RQ_d153 6 3.6349561764681533
75 RQ_d288 7 3.5900244774521366
75 RQ_d97 8 3.4914838637240986
75 RQ_d260 9 3.3060312536753873
75 RQ_d292 10 3.24392226118007
75 RQ_d218 11 3.2144113258947735
75 RQ_d143 12 3.210427982980527
75 RQ_d277 13 3.0291509025953784
75 RQ_d283 14 2.9026354407469563
75 RQ_d281 15 2.883189648177325
75 RQ_d287 16 2.8725443340532846
75 RQ_d101 17 2.851446509864345
75 RQ_d48 18 2.846880386632562
75 RQ_d95 19 2.838718714625215
75 RQ_d160 20 2.831598811541774
75 RQ_d65 21 2.8287328155051354
75 RQ_d78 22 2.8275110089645414
75 RQ_d80 23 2.8213526805609863
75 RQ_d279 24 2.81128325328688
75 RQ_d315 25 2.7965683355326245
75 RQ_d89 26 2.776762958976181
75 RQ_d144 27 2.764276864218741
75 RQ_d230 28 2.7324557663358493
75 RQ_d282 29 2.661250796112783
75 RQ_d228 30 2.497447105012776
75 RQ_d280 31 2.460325826701478
75 RQ_d286 32 2.3445189145488414
75 RQ_d257 33 2.33582683194513
75 RQ_d232 34 2.3104161320845504
75 RQ_d294 35 2.2717981877005995
75 RQ_d168 36 2.024591198566695
75 RQ_d284 37 2.0134560415916676
75 RQ_d100 38 1.9213796378566557
75 RQ_d299 39 1.8642181560872673
75 RQ_d313 40 1.8373020235041684
75 RQ_d130 41 1.740173188529974
75 RQ_d242 42 1.6345190941990029
75 RQ_d302 43 1.5567802737807575
75 RQ_d187 44 1.5061311544938507
75 RQ_d226 45 1.4148050870278286
76 RQ_d221 0 3.9823538858142884
76 RQ_d4 1 3.9354634877051367
76 RQ_d107 2 3.9155824244853465
76 RQ_d114 3 3.7677877092666097
76 RQ_d6 4 3.7021450296423533
76 RQ_d314 5 3.661928832173361
76 RQ_d209 6 3.6519588200442232
76 RQ_d153 7 3.6349561764681533
76 RQ_d288 8 3.5900244774521366
76 RQ_d97 9 3.4914838637240986
76 RQ_d260 10 3.3060312536753873
76 RQ_d110 11 3.30085974143261
76 RQ_d292 12 3.24392226118007
76 RQ_d218 13 3.2144113258947735
76 RQ_d143 14 3.210427982980527
76 RQ_d277 15 3.0291509025953784
76 RQ_d200 16 2.903243880600068
76 RQ_d283 17 2.9026354407469563
76 RQ_d281 18 2.883189648177325
76 RQ_d287 19 2.8725443340532846
76 RQ_d101 20 2.851446509864345
76 RQ_d48 21 2.846880386632562
76 RQ_d95 22 2.838718714625215
76 RQ_d160 23 2.831598811541774
76 RQ_d65 24 2.8287328155051354
76 RQ_d78 25 2.8275110089645414
76 RQ_d80 26 2.8213526805609863
76 RQ_d279 27 2.81128325328688
76 RQ_d315 28 2.7965683355326245
76 RQ_d89 29 2.776762958976181
76 RQ_d144 30 2.764276864218741
76 RQ_d230 31 2.7324557663358493
76 RQ_d282 32 2.661250796112783
76 RQ_d223 33 2.595634383773935
76 RQ_d228 34 2.497447105012776
76 RQ_d280 35 2.460325826701478
76 RQ_d309 36 2.4473356404696487
76 RQ_d286 37 2.3445189145488414
76 RQ_d257 38 2.33582683194513
76 RQ_d232 39 2.3104161320845504
76 RQ_d294 40 2.2717981877005995
76 RQ_d168 41 2.024591198566695
76 RQ_d284 42 2.0134560415916676
76 RQ_d100 43 1.9213796378566557
76 RQ_d299 44 1.8642181560872673
76 RQ_d313 45 1.8373020235041684
76 RQ_d130 46 1.740173188529974
76 RQ_d242 47 1.6345190941990029
76 RQ_d302 48 1.5567802737807575
76 RQ_d187 49 1.5061311544938507
76 RQ_d226 50 1.4148050870278286
77 RQ_d221 0 3.9823538858142884
77 RQ_d4 1 3.9354634877051367
77 RQ_d114 2 3.7677877092666097
77 RQ_d6 3 3.7021450296423533
77 RQ_d314 4 3.661928832173361
77 RQ_d209 5 3.6519588200442232
77 RQ_d153 6 3.6349561764681533
77 RQ_d97 7 3.4914838637240986
77 RQ_d260 8 3.3060312536753873
77 RQ_d292 9 3.24392226118007
77 RQ_d218 10 3.2144113258947735
77 RQ_d143 11 3.210427982980527
77 RQ_d277 12 3.0291509025953784
77 RQ_d101 13 2.851446509864345
77 RQ_d48 14 2.846880386632562
77 RQ_d95 15 2.838718714625215
77 RQ_d160 16 2.831598811541774
77 RQ_d65 17 2.8287328155051354
77 RQ_d78 18 2.8275110089645414
77 RQ_d80 19 2.8213526805609863
77 RQ_d279 20 2.81128325328688
77 RQ_d315 21 2.7965683355326245
77 RQ_d89 22 2.776762958976181
77 RQ_d144 23 2.764276864218741
77 RQ_d230 24 2.7324557663358493
77 RQ_d228 25 2.497447105012776
77 RQ_d280 26 2.460325826701478
77 RQ_d257 27 2.33582683194513
77 RQ_d232 28 2.3104161320845504
77 RQ_d294 29 2.2717981877005995
77 RQ_d168 30 2.024591198566695
77 RQ_d100 31 1.9213796378566557
77 RQ_d299 32 1.8642181560872673
77 RQ_d313 33 1.8373020235041684
77 RQ_d130 34 1.740173188529974
77 RQ_d242 35 1.6345190941990029
77 RQ_d302 36 1.5567802737807575
77 RQ_d187 37 1.5061311544938507
77 RQ_d226 38 1.4148050870278286
78 RQ_d221 0 3.9823538858142884
78 RQ_d4 1 3.9354634877051367
78 RQ_d114 2 3.7677877092666097
78 RQ_d6 3 3.7021450296423533
78 RQ_d314 4 3.661928832173361
78 RQ_d209 5 3.6519588200442232
78 RQ_d153 6 3.6349561764681533
78 RQ_d97 7 3.4914838637240986
78 RQ_d260 8 3.3060312536753873
78 RQ_d292 9 3.24392226118007
78 RQ_d218 10 3.2144113258947735
78 RQ_d143 11 3.210427982980527
78 RQ_d277 12 3.0291509025953784
78 RQ_d101 13 2.851446509864345
78 RQ_d48 14 2.846880386632562
78 RQ_d95 15 2.838718714625215
78 RQ_d160 16 2.831598811541774
78 RQ_d65 17 2.8287328155051354
78 RQ_d78 18 2.8275110089645414
78 RQ_d80 19 2.8213526805609863
78 RQ_d279 20 2.81128325328688
78 RQ_d315 21 2.7965683355326245
78 RQ_d89 22 2.776762958976181
78 RQ_d144 23 2.764276864218741
78 RQ_d230 24 2.7324557663358493
78 RQ_d99 25 2.6625308470844766
78 RQ_d228 26 2.497447105012776
78 RQ_d296 27 2.4840296567116233
78 RQ_d280 28 2.460325826701478
78 RQ_d257 29 2.33582683194513
78 RQ_d232 30 2.3104161320845504
78 RQ_d294 31 2.2717981877005995
78 RQ_d168 32 2.024591198566695
78 RQ_d300 33 1.9997640551137175
78 RQ_d100 34 1.9213796378566557
78 RQ_d299 35 1.8642181560872673
78 RQ_d313 36 1.8373020235041684
78 RQ_d130 37 1.740173188529974
78 RQ_d242 38 1.6345190941990029
78 RQ_d302 39 1.5567802737807575
78 RQ_d187 40 1.5061311544938507
78 RQ_d226 41 1.4148050870278286
79 RQ_d155 0 3.3520072312379003
79 RQ_d250 1 3.281830468006219
79 RQ_d188 2 3.0798661779053513
79 RQ_d244 3 2.807786411307826
79 RQ_d41 4 2.3854325633673326
79 RQ_d298 5 2.3731976829763766
79 RQ_d96 6 2.3507281819402635
79 RQ_d301 7 2.026784885046378
79 RQ_d300 8 1.9997640551137175
79 RQ_d299 9 1.8642181560872673
79 RQ_d302 10 1.5567802737807575
80 RQ_d303 0 2.771298237318423
80 RQ_d230 1 2.7324557663358493
80 RQ_d307 2 2.6937849431724676
80 RQ_d305 3 2.6907752303026404
80 RQ_d231 4 2.596316812929573
80 RQ_d227 5 2.5086574270416477
80 RQ_d228 6 2.497447105012776
80 RQ_d309 7 2.4473356404696487
80 RQ_d306 8 2.2523408435434678
80 RQ_d304 9 2.041475957049228
81 RQ_d312 0 4.396392100798799
81 RQ_d310 1 4.106876260728431
81 RQ_d311 2 3.108215606667982
81 RQ_d309 3 2.4473356404696487
81 RQ_d308 4 2.0971424077781027
82 RQ_d240 0 5.219530788075003
82 RQ_d113 1 3.8158823364098873
82 RQ_d114 2 3.7677877092666097
82 RQ_d258 3 3.6770408896670137
82 RQ_d314 4 3.661928832173361
82 RQ_d115 5 3.5148101979427624
82 RQ_d121 6 3.511547577912833
82 RQ_d317 7 3.444529181435524
82 RQ_d112 8 3.3837857256114856
82 RQ_d260 9 3.3060312536753873
82 RQ_d238 10 3.1604059912888856
82 RQ_d259 11 2.932464979030687
82 RQ_d316 12 2.8039719151689986
82 RQ_d315 13 2.7965683355326245
82 RQ_d116 14 2.7740854951433325
82 RQ_d123 15 2.7137827076506014
82 RQ_d257 16 2.33582683194513
82 RQ_d189 17 2.2744526071610096
