1 RQ_d119 0 4.397876110440753
1 RQ_d213 1 3.5345716443771424
1 RQ_d51 2 3.24267846462426
1 RQ_d250 3 3.210862237054627
1 RQ_d8 4 3.176526389628225
1 RQ_d7 5 3.1023966814273227
1 RQ_d171 6 2.9739449235995004
1 RQ_d9 7 2.952140921596847
1 RQ_d60 8 2.9373563594121013
1 RQ_d198 9 2.8737263910730975
1 RQ_d4 10 2.818956703978048
1 RQ_d259 11 2.7726470186624614
1 RQ_d35 12 2.6191714925499037
1 RQ_d6 13 2.610178865793482
1 RQ_d80 14 2.489069084633199
1 RQ_d280 15 2.460749443798641
1 RQ_d52 16 2.394964735341121
1 RQ_d5 17 2.3420990033339155
1 RQ_d172 18 2.3122715477260924
1 RQ_d3 19 2.290648482707972
1 RQ_d1 20 2.290648482707972
1 RQ_d63 21 2.2291806064855844
1 RQ_d62 22 2.1913750744692826
1 RQ_d25 23 2.162038502296196
1 RQ_d201 24 2.0102038017916524
1 RQ_d59 25 1.8796155461572472
1 RQ_d247 26 1.699429502959981
1 RQ_d2 27 1.6379967718792101
1 RQ_d242 28 1.4519860352516298
2 RQ_d119 0 4.397876110440753
2 RQ_d70 1 4.207470274440461
2 RQ_d285 2 3.91102582797793
2 RQ_d38 3 3.7412709145348955
2 RQ_d34 4 3.682767621064199
2 RQ_d161 5 3.6713719170956387
2 RQ_d192 6 3.596916189296314
2 RQ_d220 7 3.541217155255647
2 RQ_d213 8 3.5345716443771424
2 RQ_d44 9 3.4640620150887282
2 RQ_d36 10 3.4279636158810742
2 RQ_d151 11 3.3889781330205495
2 RQ_d51 12 3.24267846462426
2 RQ_d236 13 3.2083887221708407
2 RQ_d69 14 3.191022379599868
2 RQ_d8 15 3.176526389628225
2 RQ_d64 16 3.171101094586119
2 RQ_d23 17 3.166279040189211
2 RQ_d61 18 3.1180126456418145
2 RQ_d7 19 3.1023966814273227
2 RQ_d105 20 3.0707986316527243
2 RQ_d46 21 3.040240189687926
2 RQ_d9 22 2.952140921596847
2 RQ_d56 23 2.948823729778172
2 RQ_d60 24 2.9373563594121013
2 RQ_d30 25 2.9155797390855205
2 RQ_d193 26 2.913637215848308
2 RQ_d188 27 2.903605862728272
2 RQ_d198 28 2.8737263910730975
2 RQ_d77 29 2.8658034849958436
2 RQ_d234 30 2.8263252492716915
2 RQ_d4 31 2.818956703978048
2 RQ_d20 32 2.808321888433993
2 RQ_d272 33 2.7814986974128426
2 RQ_d259 34 2.7726470186624614
2 RQ_d118 35 2.7216077605613154
2 RQ_d287 36 2.7177212432829654
2 RQ_d22 37 2.6573913108242433
2 RQ_d26 38 2.6569762884929338
2 RQ_d6 39 2.610178865793482
2 RQ_d266 40 2.605287315195954
2 RQ_d117 41 2.579413812166845
2 RQ_d115 42 2.5721289999091894
2 RQ_d229 43 2.557493055603424
2 RQ_d53 44 2.551823311365206
2 RQ_d54 45 2.539769981504989
2 RQ_d174 46 2.5396208091000974
2 RQ_d79 47 2.5119780923739765
2 RQ_d183 48 2.500115854781481
2 RQ_d147 49 2.4930190355546236
2 RQ_d150 50 2.4783744420176523
2 RQ_d280 51 2.460749443798641
2 RQ_d162 52 2.4483016081237317
2 RQ_d43 53 2.4276932177857034
2 RQ_d196 54 2.419984481556166
2 RQ_d52 55 2.394964735341121
2 RQ_d5 56 2.3420990033339155
2 RQ_d279 57 2.336905315154082
2 RQ_d12 58 2.332299970436678
2 RQ_d170 59 2.332206841394304
2 RQ_d47 60 2.3003214007499064
2 RQ_d75 61 2.2923055896171003
2 RQ_d3 62 2.290648482707972
2 RQ_d1 63 2.290648482707972
2 RQ_d257 64 2.2851065555876366
2 RQ_d99 65 2.2722147023049226
2 RQ_d255 66 2.2611498004860024
2 RQ_d191 67 2.258497282481181
2 RQ_d248 68 2.244860297966196
2 RQ_d24 69 2.243570151676813
2 RQ_d207 70 2.2419894468748143
2 RQ_d63 71 2.2291806064855844
2 RQ_d286 72 2.220023431013319
2 RQ_d62 73 2.1913750744692826
2 RQ_d25 74 2.162038502296196
2 RQ_d124 75 2.1062746488746065
2 RQ_d18 76 2.0811042854485717
2 RQ_d168 77 2.0690597963910604
2 RQ_d125 78 2.0655201634049387
2 RQ_d19 79 2.058875286103176
2 RQ_d189 80 2.036632296699211
2 RQ_d201 81 2.0102038017916524
2 RQ_d48 82 1.9919838185402567
2 RQ_d134 83 1.9854543974152608
2 RQ_d149 84 1.9027751748022528
2 RQ_d59 85 1.8796155461572472
2 RQ_d247 86 1.699429502959981
2 RQ_d202 87 1.6503990629386676
2 RQ_d2 88 1.6379967718792101
2 RQ_d50 89 1.5437334177882678
2 RQ_d49 90 1.4547199309414212
2 RQ_d242 91 1.4519860352516298
3 RQ_d119 0 4.397876110440753
3 RQ_d285 1 3.91102582797793
3 RQ_d220 2 3.541217155255647
3 RQ_d151 3 3.3889781330205495
3 RQ_d51 4 3.24267846462426
3 RQ_d236 5 3.2083887221708407
3 RQ_d8 6 3.176526389628225
3 RQ_d61 7 3.1180126456418145
3 RQ_d7 8 3.1023966814273227
3 RQ_d9 9 2.952140921596847
3 RQ_d60 10 2.9373563594121013
3 RQ_d30 11 2.9155797390855205
3 RQ_d193 12 2.913637215848308
3 RQ_d198 13 2.8737263910730975
3 RQ_d77 14 2.8658034849958436
3 RQ_d234 15 2.8263252492716915
3 RQ_d4 16 2.818956703978048
3 RQ_d272 17 2.7814986974128426
3 RQ_d259 18 2.7726470186624614
3 RQ_d287 19 2.7177212432829654
3 RQ_d26 20 2.6569762884929338
3 RQ_d6 21 2.610178865793482
3 RQ_d117 22 2.579413812166845
3 RQ_d115 23 2.5721289999091894
3 RQ_d53 24 2.551823311365206
3 RQ_d54 25 2.539769981504989
3 RQ_d183 26 2.500115854781481
3 RQ_d150 27 2.4783744420176523
3 RQ_d280 28 2.460749443798641
3 RQ_d162 29 2.4483016081237317
3 RQ_d43 30 2.4276932177857034
3 RQ_d196 31 2.419984481556166
3 RQ_d52 32 2.394964735341121
3 RQ_d5 33 2.3420990033339155
3 RQ_d279 34 2.336905315154082
3 RQ_d12 35 2.332299970436678
3 RQ_d1 36 2.290648482707972
3 RQ_d3 37 2.290648482707972
3 RQ_d255 38 2.2611498004860024
3 RQ_d191 39 2.258497282481181
3 RQ_d207 40 2.2419894468748143
3 RQ_d63 41 2.2291806064855844
3 RQ_d62 42 2.1913750744692826
3 RQ_d25 43 2.162038502296196
3 RQ_d124 44 2.1062746488746065
3 RQ_d168 45 2.0690597963910604
3 RQ_d125 46 2.0655201634049387
3 RQ_d19 47 2.058875286103176
3 RQ_d201 48 2.0102038017916524
3 RQ_d149 49 1.9027751748022528
3 RQ_d59 50 1.8796155461572472
3 RQ_d202 51 1.6503990629386676
3 RQ_d2 52 1.6379967718792101
3 RQ_d50 53 1.5437334177882678
3 RQ_d49 54 1.4547199309414212
4 RQ_d119 0 4.397876110440753
4 RQ_d194 1 3.6458325204447886
4 RQ_d13 2 3.643129623160845
4 RQ_d151 3 3.3889781330205495
4 RQ_d11 4 3.2663613598976906
4 RQ_d8 5 3.176526389628225
4 RQ_d23 6 3.166279040189211
4 RQ_d297 7 3.1411138843431963
4 RQ_d7 8 3.1023966814273227
4 RQ_d21 9 3.067434509377489
4 RQ_d46 10 3.040240189687926
4 RQ_d16 11 3.018232275139733
4 RQ_d9 12 2.952140921596847
4 RQ_d56 13 2.948823729778172
4 RQ_d165 14 2.9341418963855914
4 RQ_d32 15 2.8688725005155913
4 RQ_d311 16 2.8678885002904555
4 RQ_d4 17 2.818956703978048
4 RQ_d20 18 2.808321888433993
4 RQ_d15 19 2.774440260813439
4 RQ_d33 20 2.749443631961231
4 RQ_d22 21 2.6573913108242433
4 RQ_d14 22 2.6544209184277894
4 RQ_d6 23 2.610178865793482
4 RQ_d78 24 2.5680129838457186
4 RQ_d55 25 2.536772212854641
4 RQ_d79 26 2.5119780923739765
4 RQ_d10 27 2.410382616779485
4 RQ_d31 28 2.3608303082820905
4 RQ_d58 29 2.347317004425805
4 RQ_d5 30 2.3420990033339155
4 RQ_d12 31 2.332299970436678
4 RQ_d47 32 2.3003214007499064
4 RQ_d1 33 2.290648482707972
4 RQ_d3 34 2.290648482707972
4 RQ_d24 35 2.243570151676813
4 RQ_d63 36 2.2291806064855844
4 RQ_d17 37 2.2238557434721056
4 RQ_d143 38 2.085427538701692
4 RQ_d18 39 2.0811042854485717
4 RQ_d19 40 2.058875286103176
4 RQ_d179 41 2.0070297376123403
4 RQ_d48 42 1.9919838185402567
4 RQ_d313 43 1.9278393203464772
4 RQ_d284 44 1.8758381440169383
5 RQ_d119 0 4.397876110440753
5 RQ_d194 1 3.6458325204447886
5 RQ_d13 2 3.643129623160845
5 RQ_d151 3 3.3889781330205495
5 RQ_d11 4 3.2663613598976906
5 RQ_d8 5 3.176526389628225
5 RQ_d23 6 3.166279040189211
5 RQ_d297 7 3.1411138843431963
5 RQ_d7 8 3.1023966814273227
5 RQ_d21 9 3.067434509377489
5 RQ_d46 10 3.040240189687926
5 RQ_d16 11 3.018232275139733
5 RQ_d9 12 2.952140921596847
5 RQ_d56 13 2.948823729778172
5 RQ_d165 14 2.9341418963855914
5 RQ_d32 15 2.8688725005155913
5 RQ_d311 16 2.8678885002904555
5 RQ_d4 17 2.818956703978048
5 RQ_d20 18 2.808321888433993
5 RQ_d15 19 2.774440260813439
5 RQ_d33 20 2.749443631961231
5 RQ_d22 21 2.6573913108242433
5 RQ_d14 22 2.6544209184277894
5 RQ_d6 23 2.610178865793482
5 RQ_d78 24 2.5680129838457186
5 RQ_d55 25 2.536772212854641
5 RQ_d79 26 2.5119780923739765
5 RQ_d10 27 2.410382616779485
5 RQ_d31 28 2.3608303082820905
5 RQ_d58 29 2.347317004425805
5 RQ_d5 30 2.3420990033339155
5 RQ_d12 31 2.332299970436678
5 RQ_d47 32 2.3003214007499064
5 RQ_d3 33 2.290648482707972
5 RQ_d1 34 2.290648482707972
5 RQ_d24 35 2.243570151676813
5 RQ_d63 36 2.2291806064855844
5 RQ_d17 37 2.2238557434721056
5 RQ_d143 38 2.085427538701692
5 RQ_d18 39 2.0811042854485717
5 RQ_d19 40 2.058875286103176
5 RQ_d179 41 2.0070297376123403
5 RQ_d48 42 1.9919838185402567
5 RQ_d313 43 1.9278393203464772
5 RQ_d284 44 1.8758381440169383
6 RQ_d13 0 3.643129623160845
6 RQ_d11 1 3.2663613598976906
6 RQ_d23 2 3.166279040189211
6 RQ_d21 3 3.067434509377489
6 RQ_d46 4 3.040240189687926
6 RQ_d16 5 3.018232275139733
6 RQ_d56 6 2.948823729778172
6 RQ_d32 7 2.8688725005155913
6 RQ_d311 8 2.8678885002904555
6 RQ_d20 9 2.808321888433993
6 RQ_d15 10 2.774440260813439
6 RQ_d33 11 2.749443631961231
6 RQ_d22 12 2.6573913108242433
6 RQ_d14 13 2.6544209184277894
6 RQ_d78 14 2.5680129838457186
6 RQ_d55 15 2.536772212854641
6 RQ_d79 16 2.5119780923739765
6 RQ_d10 17 2.410382616779485
6 RQ_d31 18 2.3608303082820905
6 RQ_d58 19 2.347317004425805
6 RQ_d12 20 2.332299970436678
6 RQ_d47 21 2.3003214007499064
6 RQ_d24 22 2.243570151676813
6 RQ_d17 23 2.2238557434721056
6 RQ_d18 24 2.0811042854485717
6 RQ_d19 25 2.058875286103176
6 RQ_d48 26 1.9919838185402567
7 RQ_d38 0 3.7412709145348955
7 RQ_d107 1 3.7305135327239394
7 RQ_d13 2 3.643129623160845
7 RQ_d312 3 3.3939185402437153
7 RQ_d195 4 3.34091589234936
7 RQ_d11 5 3.2663613598976906
7 RQ_d221 6 3.2544067025043812
7 RQ_d51 7 3.24267846462426
7 RQ_d8 8 3.176526389628225
7 RQ_d23 9 3.166279040189211
7 RQ_d61 10 3.1180126456418145
7 RQ_d7 11 3.1023966814273227
7 RQ_d105 12 3.0707986316527243
7 RQ_d21 13 3.067434509377489
7 RQ_d46 14 3.040240189687926
7 RQ_d16 15 3.018232275139733
7 RQ_d9 16 2.952140921596847
7 RQ_d56 17 2.948823729778172
7 RQ_d60 18 2.9373563594121013
7 RQ_d128 19 2.9152219872764
7 RQ_d32 20 2.8688725005155913
7 RQ_d311 21 2.8678885002904555
7 RQ_d4 22 2.818956703978048
7 RQ_d20 23 2.808321888433993
7 RQ_d15 24 2.774440260813439
7 RQ_d33 25 2.749443631961231
7 RQ_d22 26 2.6573913108242433
7 RQ_d14 27 2.6544209184277894
7 RQ_d29 28 2.6140143545769745
7 RQ_d6 29 2.610178865793482
7 RQ_d78 30 2.5680129838457186
7 RQ_d55 31 2.536772212854641
7 RQ_d79 32 2.5119780923739765
7 RQ_d57 33 2.5036176582040865
7 RQ_d180 34 2.476978908109599
7 RQ_d10 35 2.410382616779485
7 RQ_d52 36 2.394964735341121
7 RQ_d31 37 2.3608303082820905
7 RQ_d58 38 2.347317004425805
7 RQ_d12 39 2.332299970436678
7 RQ_d47 40 2.3003214007499064
7 RQ_d191 41 2.258497282481181
7 RQ_d24 42 2.243570151676813
7 RQ_d181 43 2.235653300755905
7 RQ_d17 44 2.2238557434721056
7 RQ_d62 45 2.1913750744692826
7 RQ_d25 46 2.162038502296196
7 RQ_d18 47 2.0811042854485717
7 RQ_d19 48 2.058875286103176
7 RQ_d179 49 2.0070297376123403
7 RQ_d48 50 1.9919838185402567
7 RQ_d202 51 1.6503990629386676
8 RQ_d119 0 4.397876110440753
8 RQ_d213 1 3.5345716443771424
8 RQ_d51 2 3.24267846462426
8 RQ_d250 3 3.210862237054627
8 RQ_d8 4 3.176526389628225
8 RQ_d61 5 3.1180126456418145
8 RQ_d7 6 3.1023966814273227
8 RQ_d171 7 2.9739449235995004
8 RQ_d9 8 2.952140921596847
8 RQ_d60 9 2.9373563594121013
8 RQ_d198 10 2.8737263910730975
8 RQ_d4 11 2.818956703978048
8 RQ_d259 12 2.7726470186624614
8 RQ_d35 13 2.6191714925499037
8 RQ_d6 14 2.610178865793482
8 RQ_d115 15 2.5721289999091894
8 RQ_d80 16 2.489069084633199
8 RQ_d280 17 2.460749443798641
8 RQ_d52 18 2.394964735341121
8 RQ_d5 19 2.3420990033339155
8 RQ_d172 20 2.3122715477260924
8 RQ_d1 21 2.290648482707972
8 RQ_d3 22 2.290648482707972
8 RQ_d63 23 2.2291806064855844
8 RQ_d62 24 2.1913750744692826
8 RQ_d25 25 2.162038502296196
8 RQ_d201 26 2.0102038017916524
8 RQ_d59 27 1.8796155461572472
8 RQ_d247 28 1.699429502959981
8 RQ_d2 29 1.6379967718792101
8 RQ_d50 30 1.5437334177882678
8 RQ_d49 31 1.4547199309414212
8 RQ_d242 32 1.4519860352516298
9 RQ_d27 0 4.003544164682276
9 RQ_d213 1 3.5345716443771424
9 RQ_d30 2 2.9155797390855205
9 RQ_d128 3 2.9152219872764
9 RQ_d185 4 2.890634617691053
9 RQ_d259 5 2.7726470186624614
9 RQ_d28 6 2.710468701856618
9 RQ_d26 7 2.6569762884929338
9 RQ_d254 8 2.6140688602725355
9 RQ_d29 9 2.6140143545769745
9 RQ_d53 10 2.551823311365206
9 RQ_d54 11 2.539769981504989
9 RQ_d43 12 2.4276932177857034
9 RQ_d204 13 2.410385368554584
9 RQ_d25 14 2.162038502296196
9 RQ_d241 15 1.991266856763761
9 RQ_d2 16 1.6379967718792101
10 RQ_d13 0 3.643129623160845
10 RQ_d186 1 3.333032971338564
10 RQ_d11 2 3.2663613598976906
10 RQ_d23 3 3.166279040189211
10 RQ_d269 4 3.145627571459757
10 RQ_d21 5 3.067434509377489
10 RQ_d46 6 3.040240189687926
10 RQ_d16 7 3.018232275139733
10 RQ_d56 8 2.948823729778172
10 RQ_d32 9 2.8688725005155913
10 RQ_d311 10 2.8678885002904555
10 RQ_d268 11 2.853388676966094
10 RQ_d20 12 2.808321888433993
10 RQ_d15 13 2.774440260813439
10 RQ_d33 14 2.749443631961231
10 RQ_d22 15 2.6573913108242433
10 RQ_d14 16 2.6544209184277894
10 RQ_d199 17 2.6299365697152473
10 RQ_d78 18 2.5680129838457186
10 RQ_d55 19 2.536772212854641
10 RQ_d79 20 2.5119780923739765
10 RQ_d10 21 2.410382616779485
10 RQ_d31 22 2.3608303082820905
10 RQ_d58 23 2.347317004425805
10 RQ_d12 24 2.332299970436678
10 RQ_d47 25 2.3003214007499064
10 RQ_d24 26 2.243570151676813
10 RQ_d17 27 2.2238557434721056
10 RQ_d18 28 2.0811042854485717
10 RQ_d19 29 2.058875286103176
10 RQ_d48 30 1.9919838185402567
11 RQ_d74 0 4.612639318594659
11 RQ_d84 1 4.11865840532136
11 RQ_d273 2 3.8958333749900094
11 RQ_d13 3 3.643129623160845
11 RQ_d39 4 3.55794298746131
11 RQ_d203 5 3.5123472592630622
11 RQ_d11 6 3.2663613598976906
11 RQ_d8 7 3.176526389628225
11 RQ_d274 8 3.1563037280122663
11 RQ_d40 9 3.1526120262711004
11 RQ_d269 10 3.145627571459757
11 RQ_d7 11 3.1023966814273227
11 RQ_d21 12 3.067434509377489
11 RQ_d46 13 3.040240189687926
11 RQ_d16 14 3.018232275139733
11 RQ_d9 15 2.952140921596847
11 RQ_d56 16 2.948823729778172
11 RQ_d32 17 2.8688725005155913
11 RQ_d311 18 2.8678885002904555
11 RQ_d268 19 2.853388676966094
11 RQ_d37 20 2.8248476245233034
11 RQ_d139 21 2.8247902799710216
11 RQ_d4 22 2.818956703978048
11 RQ_d20 23 2.808321888433993
11 RQ_d15 24 2.774440260813439
11 RQ_d83 25 2.7597679535341344
11 RQ_d33 26 2.749443631961231
11 RQ_d82 27 2.7088696913951247
11 RQ_d87 28 2.6613539017631527
11 RQ_d22 29 2.6573913108242433
11 RQ_d14 30 2.6544209184277894
11 RQ_d205 31 2.6114551059678237
11 RQ_d6 32 2.610178865793482
11 RQ_d78 33 2.5680129838457186
11 RQ_d154 34 2.552225506401789
11 RQ_d55 35 2.536772212854641
11 RQ_d79 36 2.5119780923739765
11 RQ_d80 37 2.489069084633199
11 RQ_d210 38 2.4643444596028927
11 RQ_d81 39 2.4607139412436734
11 RQ_d211 40 2.429836987804274
11 RQ_d43 41 2.4276932177857034
11 RQ_d72 42 2.422267904024398
11 RQ_d10 43 2.410382616779485
11 RQ_d42 44 2.3685884802996786
11 RQ_d76 45 2.361791821845361
11 RQ_d31 46 2.3608303082820905
11 RQ_d58 47 2.347317004425805
11 RQ_d5 48 2.3420990033339155
11 RQ_d12 49 2.332299970436678
11 RQ_d47 50 2.3003214007499064
11 RQ_d3 51 2.290648482707972
11 RQ_d1 52 2.290648482707972
11 RQ_d24 53 2.243570151676813
11 RQ_d63 54 2.2291806064855844
11 RQ_d17 55 2.2238557434721056
11 RQ_d86 56 2.219012404664024
11 RQ_d85 57 2.210314174993556
11 RQ_d41 58 2.202070740450073
11 RQ_d66 59 2.1646586917422637
11 RQ_d88 60 2.138267845880007
11 RQ_d18 61 2.0811042854485717
11 RQ_d19 62 2.058875286103176
11 RQ_d48 63 1.9919838185402567
11 RQ_d2 64 1.6379967718792101
12 RQ_d240 0 4.976769164718892
12 RQ_d70 1 4.207470274440461
12 RQ_d38 2 3.7412709145348955
12 RQ_d34 3 3.682767621064199
12 RQ_d44 4 3.4640620150887282
12 RQ_d36 5 3.4279636158810742
12 RQ_d91 6 3.281414089078415
12 RQ_d64 7 3.171101094586119
12 RQ_d260 8 2.8985493380983005
12 RQ_d37 9 2.8248476245233034
12 RQ_d259 10 2.7726470186624614
12 RQ_d45 11 2.6708046488869193
12 RQ_d87 12 2.6613539017631527
12 RQ_d35 13 2.6191714925499037
12 RQ_d89 14 2.5873405839591666
12 RQ_d239 15 2.5839835984423316
12 RQ_d90 16 2.4042331532497436
12 RQ_d241 17 1.991266856763761
13 RQ_d74 0 4.612639318594659
13 RQ_d84 1 4.11865840532136
13 RQ_d68 2 4.024714916940015
13 RQ_d273 3 3.8958333749900094
13 RQ_d34 4 3.682767621064199
13 RQ_d13 5 3.643129623160845
13 RQ_d39 6 3.55794298746131
13 RQ_d203 7 3.5123472592630622
13 RQ_d44 8 3.4640620150887282
13 RQ_d36 9 3.4279636158810742
13 RQ_d11 10 3.2663613598976906
13 RQ_d250 11 3.210862237054627
13 RQ_d69 12 3.191022379599868
13 RQ_d8 13 3.176526389628225
13 RQ_d64 14 3.171101094586119
13 RQ_d274 15 3.1563037280122663
13 RQ_d40 16 3.1526120262711004
13 RQ_d269 17 3.145627571459757
13 RQ_d7 18 3.1023966814273227
13 RQ_d21 19 3.067434509377489
13 RQ_d46 20 3.040240189687926
13 RQ_d16 21 3.018232275139733
13 RQ_d9 22 2.952140921596847
13 RQ_d56 23 2.948823729778172
13 RQ_d32 24 2.8688725005155913
13 RQ_d311 25 2.8678885002904555
13 RQ_d268 26 2.853388676966094
13 RQ_d37 27 2.8248476245233034
13 RQ_d139 28 2.8247902799710216
13 RQ_d4 29 2.818956703978048
13 RQ_d20 30 2.808321888433993
13 RQ_d15 31 2.774440260813439
13 RQ_d83 32 2.7597679535341344
13 RQ_d33 33 2.749443631961231
13 RQ_d82 34 2.7088696913951247
13 RQ_d45 35 2.6708046488869193
13 RQ_d87 36 2.6613539017631527
13 RQ_d22 37 2.6573913108242433
13 RQ_d102 38 2.6573913108242433
13 RQ_d14 39 2.6544209184277894
13 RQ_d205 40 2.6114551059678237
13 RQ_d6 41 2.610178865793482
13 RQ_d89 42 2.5873405839591666
13 RQ_d78 43 2.5680129838457186
13 RQ_d154 44 2.552225506401789
13 RQ_d55 45 2.536772212854641
13 RQ_d79 46 2.5119780923739765
13 RQ_d80 47 2.489069084633199
13 RQ_d210 48 2.4643444596028927
13 RQ_d280 49 2.460749443798641
13 RQ_d81 50 2.4607139412436734
13 RQ_d211 51 2.429836987804274
13 RQ_d43 52 2.4276932177857034
13 RQ_d72 53 2.422267904024398
13 RQ_d10 54 2.410382616779485
13 RQ_d42 55 2.3685884802996786
13 RQ_d76 56 2.361791821845361
13 RQ_d31 57 2.3608303082820905
13 RQ_d58 58 2.347317004425805
13 RQ_d5 59 2.3420990033339155
13 RQ_d12 60 2.332299970436678
13 RQ_d98 61 2.3037461651181665
13 RQ_d47 62 2.3003214007499064
13 RQ_d3 63 2.290648482707972
13 RQ_d1 64 2.290648482707972
13 RQ_d248 65 2.244860297966196
13 RQ_d63 66 2.2291806064855844
13 RQ_d17 67 2.2238557434721056
13 RQ_d86 68 2.219012404664024
13 RQ_d85 69 2.210314174993556
13 RQ_d41 70 2.202070740450073
13 RQ_d66 71 2.1646586917422637
13 RQ_d88 72 2.138267845880007
13 RQ_d18 73 2.0811042854485717
13 RQ_d19 74 2.058875286103176
13 RQ_d251 75 1.7250792235775068
13 RQ_d2 76 1.6379967718792101
14 RQ_d240 0 4.976769164718892
14 RQ_d70 1 4.207470274440461
14 RQ_d38 2 3.7412709145348955
14 RQ_d34 3 3.682767621064199
14 RQ_d39 4 3.55794298746131
14 RQ_d44 5 3.4640620150887282
14 RQ_d36 6 3.4279636158810742
14 RQ_d91 7 3.281414089078415
14 RQ_d11 8 3.2663613598976906
14 RQ_d250 9 3.210862237054627
14 RQ_d64 10 3.171101094586119
14 RQ_d40 11 3.1526120262711004
14 RQ_d7 12 3.1023966814273227
14 RQ_d105 13 3.0707986316527243
14 RQ_d260 14 2.8985493380983005
14 RQ_d32 15 2.8688725005155913
14 RQ_d311 16 2.8678885002904555
14 RQ_d37 17 2.8248476245233034
14 RQ_d139 18 2.8247902799710216
14 RQ_d259 19 2.7726470186624614
14 RQ_d83 20 2.7597679535341344
14 RQ_d82 21 2.7088696913951247
14 RQ_d45 22 2.6708046488869193
14 RQ_d87 23 2.6613539017631527
14 RQ_d102 24 2.6573913108242433
14 RQ_d35 25 2.6191714925499037
14 RQ_d89 26 2.5873405839591666
14 RQ_d239 27 2.5839835984423316
14 RQ_d80 28 2.489069084633199
14 RQ_d280 29 2.460749443798641
14 RQ_d81 30 2.4607139412436734
14 RQ_d43 31 2.4276932177857034
14 RQ_d90 32 2.4042331532497436
14 RQ_d42 33 2.3685884802996786
14 RQ_d31 34 2.3608303082820905
14 RQ_d12 35 2.332299970436678
14 RQ_d98 36 2.3037461651181665
14 RQ_d248 37 2.244860297966196
14 RQ_d207 38 2.2419894468748143
14 RQ_d17 39 2.2238557434721056
14 RQ_d86 40 2.219012404664024
14 RQ_d85 41 2.210314174993556
14 RQ_d41 42 2.202070740450073
14 RQ_d66 43 2.1646586917422637
14 RQ_d88 44 2.138267845880007
14 RQ_d19 45 2.058875286103176
14 RQ_d241 46 1.991266856763761
14 RQ_d251 47 1.7250792235775068
15 RQ_d38 0 3.7412709145348955
15 RQ_d107 1 3.7305135327239394
15 RQ_d13 2 3.643129623160845
15 RQ_d312 3 3.3939185402437153
15 RQ_d195 4 3.34091589234936
15 RQ_d11 5 3.2663613598976906
15 RQ_d221 6 3.2544067025043812
15 RQ_d23 7 3.166279040189211
15 RQ_d21 8 3.067434509377489
15 RQ_d46 9 3.040240189687926
15 RQ_d16 10 3.018232275139733
15 RQ_d56 11 2.948823729778172
15 RQ_d128 12 2.9152219872764
15 RQ_d32 13 2.8688725005155913
15 RQ_d311 14 2.8678885002904555
15 RQ_d20 15 2.808321888433993
15 RQ_d15 16 2.774440260813439
15 RQ_d33 17 2.749443631961231
15 RQ_d22 18 2.6573913108242433
15 RQ_d14 19 2.6544209184277894
15 RQ_d29 20 2.6140143545769745
15 RQ_d78 21 2.5680129838457186
15 RQ_d55 22 2.536772212854641
15 RQ_d79 23 2.5119780923739765
15 RQ_d180 24 2.476978908109599
15 RQ_d10 25 2.410382616779485
15 RQ_d31 26 2.3608303082820905
15 RQ_d58 27 2.347317004425805
15 RQ_d12 28 2.332299970436678
15 RQ_d47 29 2.3003214007499064
15 RQ_d191 30 2.258497282481181
15 RQ_d24 31 2.243570151676813
15 RQ_d181 32 2.235653300755905
15 RQ_d17 33 2.2238557434721056
15 RQ_d25 34 2.162038502296196
15 RQ_d18 35 2.0811042854485717
15 RQ_d19 36 2.058875286103176
15 RQ_d179 37 2.0070297376123403
15 RQ_d48 38 1.9919838185402567
15 RQ_d202 39 1.6503990629386676
16 RQ_d119 0 4.397876110440753
16 RQ_d70 1 4.207470274440461
16 RQ_d38 2 3.7412709145348955
16 RQ_d34 3 3.682767621064199
16 RQ_d161 4 3.6713719170956387
16 RQ_d192 5 3.596916189296314
16 RQ_d213 6 3.5345716443771424
16 RQ_d44 7 3.4640620150887282
16 RQ_d36 8 3.4279636158810742
16 RQ_d51 9 3.24267846462426
16 RQ_d250 10 3.210862237054627
16 RQ_d236 11 3.2083887221708407
16 RQ_d69 12 3.191022379599868
16 RQ_d8 13 3.176526389628225
16 RQ_d64 14 3.171101094586119
16 RQ_d23 15 3.166279040189211
16 RQ_d61 16 3.1180126456418145
16 RQ_d7 17 3.1023966814273227
16 RQ_d105 18 3.0707986316527243
16 RQ_d46 19 3.040240189687926
16 RQ_d171 20 2.9739449235995004
16 RQ_d9 21 2.952140921596847
16 RQ_d56 22 2.948823729778172
16 RQ_d60 23 2.9373563594121013
16 RQ_d188 24 2.903605862728272
16 RQ_d198 25 2.8737263910730975
16 RQ_d4 26 2.818956703978048
16 RQ_d20 27 2.808321888433993
16 RQ_d259 28 2.7726470186624614
16 RQ_d118 29 2.7216077605613154
16 RQ_d22 30 2.6573913108242433
16 RQ_d35 31 2.6191714925499037
16 RQ_d6 32 2.610178865793482
16 RQ_d266 33 2.605287315195954
16 RQ_d115 34 2.5721289999091894
16 RQ_d229 35 2.557493055603424
16 RQ_d174 36 2.5396208091000974
16 RQ_d79 37 2.5119780923739765
16 RQ_d147 38 2.4930190355546236
16 RQ_d80 39 2.489069084633199
16 RQ_d280 40 2.460749443798641
16 RQ_d52 41 2.394964735341121
16 RQ_d5 42 2.3420990033339155
16 RQ_d170 43 2.332206841394304
16 RQ_d172 44 2.3122715477260924
16 RQ_d47 45 2.3003214007499064
16 RQ_d75 46 2.2923055896171003
16 RQ_d1 47 2.290648482707972
16 RQ_d3 48 2.290648482707972
16 RQ_d257 49 2.2851065555876366
16 RQ_d99 50 2.2722147023049226
16 RQ_d191 51 2.258497282481181
16 RQ_d248 52 2.244860297966196
16 RQ_d24 53 2.243570151676813
16 RQ_d63 54 2.2291806064855844
16 RQ_d286 55 2.220023431013319
16 RQ_d62 56 2.1913750744692826
16 RQ_d25 57 2.162038502296196
16 RQ_d18 58 2.0811042854485717
16 RQ_d189 59 2.036632296699211
16 RQ_d201 60 2.0102038017916524
16 RQ_d48 61 1.9919838185402567
16 RQ_d134 62 1.9854543974152608
16 RQ_d59 63 1.8796155461572472
16 RQ_d247 64 1.699429502959981
16 RQ_d2 65 1.6379967718792101
16 RQ_d50 66 1.5437334177882678
16 RQ_d49 67 1.4547199309414212
16 RQ_d242 68 1.4519860352516298
17 RQ_d119 0 4.397876110440753
17 RQ_d213 1 3.5345716443771424
17 RQ_d51 2 3.24267846462426
17 RQ_d250 3 3.210862237054627
17 RQ_d8 4 3.176526389628225
17 RQ_d7 5 3.1023966814273227
17 RQ_d171 6 2.9739449235995004
17 RQ_d9 7 2.952140921596847
17 RQ_d60 8 2.9373563594121013
17 RQ_d198 9 2.8737263910730975
17 RQ_d4 10 2.818956703978048
17 RQ_d259 11 2.7726470186624614
17 RQ_d35 12 2.6191714925499037
17 RQ_d6 13 2.610178865793482
17 RQ_d80 14 2.489069084633199
17 RQ_d280 15 2.460749443798641
17 RQ_d52 16 2.394964735341121
17 RQ_d5 17 2.3420990033339155
17 RQ_d172 18 2.3122715477260924
17 RQ_d3 19 2.290648482707972
17 RQ_d1 20 2.290648482707972
17 RQ_d63 21 2.2291806064855844
17 RQ_d62 22 2.1913750744692826
17 RQ_d25 23 2.162038502296196
17 RQ_d201 24 2.0102038017916524
17 RQ_d59 25 1.8796155461572472
17 RQ_d247 26 1.699429502959981
17 RQ_d2 27 1.6379967718792101
17 RQ_d242 28 1.4519860352516298
18 RQ_d27 0 4.003544164682276
18 RQ_d213 1 3.5345716443771424
18 RQ_d97 2 3.049232373852592
18 RQ_d103 3 3.004629191776391
18 RQ_d30 4 2.9155797390855205
18 RQ_d128 5 2.9152219872764
18 RQ_d185 6 2.890634617691053
18 RQ_d259 7 2.7726470186624614
18 RQ_d28 8 2.710468701856618
18 RQ_d102 9 2.6573913108242433
18 RQ_d26 10 2.6569762884929338
18 RQ_d254 11 2.6140688602725355
18 RQ_d29 12 2.6140143545769745
18 RQ_d101 13 2.5932882469064555
18 RQ_d53 14 2.551823311365206
18 RQ_d54 15 2.539769981504989
18 RQ_d95 16 2.4631342868164863
18 RQ_d43 17 2.4276932177857034
18 RQ_d204 18 2.410385368554584
18 RQ_d98 19 2.3037461651181665
18 RQ_d99 20 2.2722147023049226
18 RQ_d96 21 2.174132354094161
18 RQ_d25 22 2.162038502296196
18 RQ_d241 23 1.991266856763761
18 RQ_d2 24 1.6379967718792101
19 RQ_d27 0 4.003544164682276
19 RQ_d38 1 3.7412709145348955
19 RQ_d34 2 3.682767621064199
19 RQ_d13 3 3.643129623160845
19 RQ_d36 4 3.4279636158810742
19 RQ_d11 5 3.2663613598976906
19 RQ_d69 6 3.191022379599868
19 RQ_d23 7 3.166279040189211
19 RQ_d7 8 3.1023966814273227
19 RQ_d21 9 3.067434509377489
19 RQ_d46 10 3.040240189687926
19 RQ_d16 11 3.018232275139733
19 RQ_d9 12 2.952140921596847
19 RQ_d56 13 2.948823729778172
19 RQ_d32 14 2.8688725005155913
19 RQ_d20 15 2.808321888433993
19 RQ_d272 16 2.7814986974128426
19 RQ_d206 17 2.7768143437903205
19 RQ_d15 18 2.774440260813439
19 RQ_d33 19 2.749443631961231
19 RQ_d22 20 2.6573913108242433
19 RQ_d14 21 2.6544209184277894
19 RQ_d6 22 2.610178865793482
19 RQ_d78 23 2.5680129838457186
19 RQ_d174 24 2.5396208091000974
19 RQ_d55 25 2.536772212854641
19 RQ_d79 26 2.5119780923739765
19 RQ_d95 27 2.4631342868164863
19 RQ_d72 28 2.422267904024398
19 RQ_d10 29 2.410382616779485
19 RQ_d42 30 2.3685884802996786
19 RQ_d76 31 2.361791821845361
19 RQ_d31 32 2.3608303082820905
19 RQ_d58 33 2.347317004425805
19 RQ_d12 34 2.332299970436678
19 RQ_d47 35 2.3003214007499064
19 RQ_d24 36 2.243570151676813
19 RQ_d17 37 2.2238557434721056
19 RQ_d18 38 2.0811042854485717
19 RQ_d19 39 2.058875286103176
19 RQ_d48 40 1.9919838185402567
19 RQ_d284 41 1.8758381440169383
19 RQ_d138 42 1.5913965498598521
20 RQ_d38 0 3.7412709145348955
20 RQ_d107 1 3.7305135327239394
20 RQ_d13 2 3.643129623160845
20 RQ_d312 3 3.3939185402437153
20 RQ_d195 4 3.34091589234936
20 RQ_d11 5 3.2663613598976906
20 RQ_d221 6 3.2544067025043812
20 RQ_d23 7 3.166279040189211
20 RQ_d21 8 3.067434509377489
20 RQ_d46 9 3.040240189687926
20 RQ_d16 10 3.018232275139733
20 RQ_d56 11 2.948823729778172
20 RQ_d128 12 2.9152219872764
20 RQ_d32 13 2.8688725005155913
20 RQ_d311 14 2.8678885002904555
20 RQ_d20 15 2.808321888433993
20 RQ_d15 16 2.774440260813439
20 RQ_d33 17 2.749443631961231
20 RQ_d22 18 2.6573913108242433
20 RQ_d14 19 2.6544209184277894
20 RQ_d29 20 2.6140143545769745
20 RQ_d78 21 2.5680129838457186
20 RQ_d55 22 2.536772212854641
20 RQ_d79 23 2.5119780923739765
20 RQ_d180 24 2.476978908109599
20 RQ_d10 25 2.410382616779485
20 RQ_d31 26 2.3608303082820905
20 RQ_d58 27 2.347317004425805
20 RQ_d12 28 2.332299970436678
20 RQ_d47 29 2.3003214007499064
20 RQ_d191 30 2.258497282481181
20 RQ_d24 31 2.243570151676813
20 RQ_d181 32 2.235653300755905
20 RQ_d17 33 2.2238557434721056
20 RQ_d25 34 2.162038502296196
20 RQ_d18 35 2.0811042854485717
20 RQ_d19 36 2.058875286103176
20 RQ_d179 37 2.0070297376123403
20 RQ_d48 38 1.9919838185402567
20 RQ_d202 39 1.6503990629386676
21 RQ_d119 0 4.397876110440753
21 RQ_d70 1 4.207470274440461
21 RQ_d38 2 3.7412709145348955
21 RQ_d34 3 3.682767621064199
21 RQ_d161 4 3.6713719170956387
21 RQ_d192 5 3.596916189296314
21 RQ_d213 6 3.5345716443771424
21 RQ_d44 7 3.4640620150887282
21 RQ_d36 8 3.4279636158810742
21 RQ_d51 9 3.24267846462426
21 RQ_d250 10 3.210862237054627
21 RQ_d236 11 3.2083887221708407
21 RQ_d69 12 3.191022379599868
21 RQ_d8 13 3.176526389628225
21 RQ_d64 14 3.171101094586119
21 RQ_d23 15 3.166279040189211
21 RQ_d61 16 3.1180126456418145
21 RQ_d7 17 3.1023966814273227
21 RQ_d105 18 3.0707986316527243
21 RQ_d46 19 3.040240189687926
21 RQ_d171 20 2.9739449235995004
21 RQ_d9 21 2.952140921596847
21 RQ_d56 22 2.948823729778172
21 RQ_d60 23 2.9373563594121013
21 RQ_d188 24 2.903605862728272
21 RQ_d198 25 2.8737263910730975
21 RQ_d4 26 2.818956703978048
21 RQ_d20 27 2.808321888433993
21 RQ_d259 28 2.7726470186624614
21 RQ_d118 29 2.7216077605613154
21 RQ_d22 30 2.6573913108242433
21 RQ_d35 31 2.6191714925499037
21 RQ_d6 32 2.610178865793482
21 RQ_d266 33 2.605287315195954
21 RQ_d115 34 2.5721289999091894
21 RQ_d229 35 2.557493055603424
21 RQ_d174 36 2.5396208091000974
21 RQ_d79 37 2.5119780923739765
21 RQ_d147 38 2.4930190355546236
21 RQ_d80 39 2.489069084633199
21 RQ_d280 40 2.460749443798641
21 RQ_d52 41 2.394964735341121
21 RQ_d5 42 2.3420990033339155
21 RQ_d170 43 2.332206841394304
21 RQ_d172 44 2.3122715477260924
21 RQ_d47 45 2.3003214007499064
21 RQ_d75 46 2.2923055896171003
21 RQ_d1 47 2.290648482707972
21 RQ_d3 48 2.290648482707972
21 RQ_d257 49 2.2851065555876366
21 RQ_d99 50 2.2722147023049226
21 RQ_d191 51 2.258497282481181
21 RQ_d248 52 2.244860297966196
21 RQ_d24 53 2.243570151676813
21 RQ_d63 54 2.2291806064855844
21 RQ_d286 55 2.220023431013319
21 RQ_d62 56 2.1913750744692826
21 RQ_d25 57 2.162038502296196
21 RQ_d18 58 2.0811042854485717
21 RQ_d189 59 2.036632296699211
21 RQ_d201 60 2.0102038017916524
21 RQ_d48 61 1.9919838185402567
21 RQ_d134 62 1.9854543974152608
21 RQ_d59 63 1.8796155461572472
21 RQ_d247 64 1.699429502959981
21 RQ_d2 65 1.6379967718792101
21 RQ_d50 66 1.5437334177882678
21 RQ_d49 67 1.4547199309414212
21 RQ_d242 68 1.4519860352516298
22 RQ_d119 0 4.397876110440753
22 RQ_d213 1 3.5345716443771424
22 RQ_d51 2 3.24267846462426
22 RQ_d250 3 3.210862237054627
22 RQ_d8 4 3.176526389628225
22 RQ_d61 5 3.1180126456418145
22 RQ_d7 6 3.1023966814273227
22 RQ_d9 7 2.952140921596847
22 RQ_d60 8 2.9373563594121013
22 RQ_d198 9 2.8737263910730975
22 RQ_d4 10 2.818956703978048
22 RQ_d259 11 2.7726470186624614
22 RQ_d35 12 2.6191714925499037
22 RQ_d6 13 2.610178865793482
22 RQ_d115 14 2.5721289999091894
22 RQ_d80 15 2.489069084633199
22 RQ_d280 16 2.460749443798641
22 RQ_d52 17 2.394964735341121
22 RQ_d5 18 2.3420990033339155
22 RQ_d172 19 2.3122715477260924
22 RQ_d3 20 2.290648482707972
22 RQ_d1 21 2.290648482707972
22 RQ_d63 22 2.2291806064855844
22 RQ_d62 23 2.1913750744692826
22 RQ_d25 24 2.162038502296196
22 RQ_d201 25 2.0102038017916524
22 RQ_d59 26 1.8796155461572472
22 RQ_d247 27 1.699429502959981
22 RQ_d2 28 1.6379967718792101
22 RQ_d50 29 1.5437334177882678
22 RQ_d49 30 1.4547199309414212
22 RQ_d242 31 1.4519860352516298
23 RQ_d240 0 4.976769164718892
23 RQ_d70 1 4.207470274440461
23 RQ_d38 2 3.7412709145348955
23 RQ_d34 3 3.682767621064199
23 RQ_d44 4 3.4640620150887282
23 RQ_d36 5 3.4279636158810742
23 RQ_d91 6 3.281414089078415
23 RQ_d64 7 3.171101094586119
23 RQ_d260 8 2.8985493380983005
23 RQ_d37 9 2.8248476245233034
23 RQ_d259 10 2.7726470186624614
23 RQ_d45 11 2.6708046488869193
23 RQ_d87 12 2.6613539017631527
23 RQ_d35 13 2.6191714925499037
23 RQ_d89 14 2.5873405839591666
23 RQ_d239 15 2.5839835984423316
23 RQ_d90 16 2.4042331532497436
23 RQ_d241 17 1.991266856763761
24 RQ_d84 0 4.11865840532136
24 RQ_d68 1 4.024714916940015
24 RQ_d194 2 3.6458325204447886
24 RQ_d39 3 3.55794298746131
24 RQ_d142 4 3.473778580750294
24 RQ_d69 5 3.191022379599868
24 RQ_d40 6 3.1526120262711004
24 RQ_d21 7 3.067434509377489
24 RQ_d46 8 3.040240189687926
24 RQ_d20 9 2.808321888433993
24 RQ_d83 10 2.7597679535341344
24 RQ_d65 11 2.7136667227796036
24 RQ_d82 12 2.7088696913951247
24 RQ_d87 13 2.6613539017631527
24 RQ_d101 14 2.5932882469064555
24 RQ_d67 15 2.4968063440089865
24 RQ_d153 16 2.4951044675456
24 RQ_d80 17 2.489069084633199
24 RQ_d81 18 2.4607139412436734
24 RQ_d43 19 2.4276932177857034
24 RQ_d42 20 2.3685884802996786
24 RQ_d41 21 2.202070740450073
24 RQ_d66 22 2.1646586917422637
25 RQ_d74 0 4.612639318594659
25 RQ_d70 1 4.207470274440461
25 RQ_d273 2 3.8958333749900094
25 RQ_d208 3 3.5134317647473137
25 RQ_d203 4 3.5123472592630622
25 RQ_d209 5 3.3867260756204263
25 RQ_d270 6 3.246655549671103
25 RQ_d190 7 3.1833027316767772
25 RQ_d274 8 3.1563037280122663
25 RQ_d269 9 3.145627571459757
25 RQ_d73 10 3.1005593388027055
25 RQ_d188 11 2.903605862728272
25 RQ_d155 12 2.8709386010804074
25 RQ_d311 13 2.8678885002904555
25 RQ_d77 14 2.8658034849958436
25 RQ_d268 15 2.853388676966094
25 RQ_d272 16 2.7814986974128426
25 RQ_d206 17 2.7768143437903205
25 RQ_d277 18 2.694288531501229
25 RQ_d205 19 2.6114551059678237
25 RQ_d266 20 2.605287315195954
25 RQ_d263 21 2.56555982858318
25 RQ_d264 22 2.5372484021849138
25 RQ_d71 23 2.523003525467521
25 RQ_d116 24 2.4817133584115325
25 RQ_d210 25 2.4643444596028927
25 RQ_d211 26 2.429836987804274
25 RQ_d72 27 2.422267904024398
25 RQ_d204 28 2.410385368554584
25 RQ_d265 29 2.403688007635846
25 RQ_d76 30 2.361791821845361
25 RQ_d262 31 2.342834039818261
25 RQ_d267 32 2.3197757717746956
25 RQ_d75 33 2.2923055896171003
25 RQ_d178 34 2.2914197279945165
25 RQ_d191 35 2.258497282481181
25 RQ_d207 36 2.2419894468748143
25 RQ_d18 37 2.0811042854485717
25 RQ_d189 38 2.036632296699211
25 RQ_d271 39 1.7387560802970206
25 RQ_d202 40 1.6503990629386676
26 RQ_d74 0 4.612639318594659
26 RQ_d70 1 4.207470274440461
26 RQ_d273 2 3.8958333749900094
26 RQ_d208 3 3.5134317647473137
26 RQ_d203 4 3.5123472592630622
26 RQ_d209 5 3.3867260756204263
26 RQ_d270 6 3.246655549671103
26 RQ_d190 7 3.1833027316767772
26 RQ_d274 8 3.1563037280122663
26 RQ_d269 9 3.145627571459757
26 RQ_d73 10 3.1005593388027055
26 RQ_d188 11 2.903605862728272
26 RQ_d155 12 2.8709386010804074
26 RQ_d311 13 2.8678885002904555
26 RQ_d77 14 2.8658034849958436
26 RQ_d268 15 2.853388676966094
26 RQ_d272 16 2.7814986974128426
26 RQ_d206 17 2.7768143437903205
26 RQ_d277 18 2.694288531501229
26 RQ_d205 19 2.6114551059678237
26 RQ_d266 20 2.605287315195954
26 RQ_d263 21 2.56555982858318
26 RQ_d264 22 2.5372484021849138
26 RQ_d71 23 2.523003525467521
26 RQ_d116 24 2.4817133584115325
26 RQ_d210 25 2.4643444596028927
26 RQ_d211 26 2.429836987804274
26 RQ_d72 27 2.422267904024398
26 RQ_d204 28 2.410385368554584
26 RQ_d265 29 2.403688007635846
26 RQ_d76 30 2.361791821845361
26 RQ_d262 31 2.342834039818261
26 RQ_d267 32 2.3197757717746956
26 RQ_d75 33 2.2923055896171003
26 RQ_d178 34 2.2914197279945165
26 RQ_d191 35 2.258497282481181
26 RQ_d207 36 2.2419894468748143
26 RQ_d18 37 2.0811042854485717
26 RQ_d189 38 2.036632296699211
26 RQ_d271 39 1.7387560802970206
26 RQ_d202 40 1.6503990629386676
27 RQ_d74 0 4.612639318594659
27 RQ_d84 1 4.11865840532136
27 RQ_d273 2 3.8958333749900094
27 RQ_d13 3 3.643129623160845
27 RQ_d39 4 3.55794298746131
27 RQ_d203 5 3.5123472592630622
27 RQ_d11 6 3.2663613598976906
27 RQ_d8 7 3.176526389628225
27 RQ_d274 8 3.1563037280122663
27 RQ_d40 9 3.1526120262711004
27 RQ_d269 10 3.145627571459757
27 RQ_d7 11 3.1023966814273227
27 RQ_d21 12 3.067434509377489
27 RQ_d46 13 3.040240189687926
27 RQ_d16 14 3.018232275139733
27 RQ_d9 15 2.952140921596847
27 RQ_d56 16 2.948823729778172
27 RQ_d32 17 2.8688725005155913
27 RQ_d311 18 2.8678885002904555
27 RQ_d268 19 2.853388676966094
27 RQ_d37 20 2.8248476245233034
27 RQ_d139 21 2.8247902799710216
27 RQ_d4 22 2.818956703978048
27 RQ_d20 23 2.808321888433993
27 RQ_d15 24 2.774440260813439
27 RQ_d83 25 2.7597679535341344
27 RQ_d33 26 2.749443631961231
27 RQ_d82 27 2.7088696913951247
27 RQ_d87 28 2.6613539017631527
27 RQ_d22 29 2.6573913108242433
27 RQ_d14 30 2.6544209184277894
27 RQ_d205 31 2.6114551059678237
27 RQ_d6 32 2.610178865793482
27 RQ_d78 33 2.5680129838457186
27 RQ_d154 34 2.552225506401789
27 RQ_d55 35 2.536772212854641
27 RQ_d79 36 2.5119780923739765
27 RQ_d80 37 2.489069084633199
27 RQ_d210 38 2.4643444596028927
27 RQ_d81 39 2.4607139412436734
27 RQ_d211 40 2.429836987804274
27 RQ_d43 41 2.4276932177857034
27 RQ_d72 42 2.422267904024398
27 RQ_d10 43 2.410382616779485
27 RQ_d42 44 2.3685884802996786
27 RQ_d76 45 2.361791821845361
27 RQ_d31 46 2.3608303082820905
27 RQ_d58 47 2.347317004425805
27 RQ_d5 48 2.3420990033339155
27 RQ_d12 49 2.332299970436678
27 RQ_d47 50 2.3003214007499064
27 RQ_d3 51 2.290648482707972
27 RQ_d1 52 2.290648482707972
27 RQ_d24 53 2.243570151676813
27 RQ_d63 54 2.2291806064855844
27 RQ_d17 55 2.2238557434721056
27 RQ_d86 56 2.219012404664024
27 RQ_d85 57 2.210314174993556
27 RQ_d41 58 2.202070740450073
27 RQ_d66 59 2.1646586917422637
27 RQ_d88 60 2.138267845880007
27 RQ_d18 61 2.0811042854485717
27 RQ_d19 62 2.058875286103176
27 RQ_d48 63 1.9919838185402567
27 RQ_d2 64 1.6379967718792101
28 RQ_d74 0 4.612639318594659
28 RQ_d84 1 4.11865840532136
28 RQ_d273 2 3.8958333749900094
28 RQ_d13 3 3.643129623160845
28 RQ_d39 4 3.55794298746131
28 RQ_d203 5 3.5123472592630622
28 RQ_d11 6 3.2663613598976906
28 RQ_d8 7 3.176526389628225
28 RQ_d23 8 3.166279040189211
28 RQ_d274 9 3.1563037280122663
28 RQ_d40 10 3.1526120262711004
28 RQ_d269 11 3.145627571459757
28 RQ_d7 12 3.1023966814273227
28 RQ_d21 13 3.067434509377489
28 RQ_d46 14 3.040240189687926
28 RQ_d16 15 3.018232275139733
28 RQ_d9 16 2.952140921596847
28 RQ_d56 17 2.948823729778172
28 RQ_d32 18 2.8688725005155913
28 RQ_d311 19 2.8678885002904555
28 RQ_d268 20 2.853388676966094
28 RQ_d37 21 2.8248476245233034
28 RQ_d139 22 2.8247902799710216
28 RQ_d4 23 2.818956703978048
28 RQ_d20 24 2.808321888433993
28 RQ_d15 25 2.774440260813439
28 RQ_d83 26 2.7597679535341344
28 RQ_d33 27 2.749443631961231
28 RQ_d82 28 2.7088696913951247
28 RQ_d87 29 2.6613539017631527
28 RQ_d22 30 2.6573913108242433
28 RQ_d14 31 2.6544209184277894
28 RQ_d205 32 2.6114551059678237
28 RQ_d6 33 2.610178865793482
28 RQ_d78 34 2.5680129838457186
28 RQ_d154 35 2.552225506401789
28 RQ_d55 36 2.536772212854641
28 RQ_d79 37 2.5119780923739765
28 RQ_d80 38 2.489069084633199
28 RQ_d210 39 2.4643444596028927
28 RQ_d81 40 2.4607139412436734
28 RQ_d211 41 2.429836987804274
28 RQ_d43 42 2.4276932177857034
28 RQ_d72 43 2.422267904024398
28 RQ_d10 44 2.410382616779485
28 RQ_d42 45 2.3685884802996786
28 RQ_d76 46 2.361791821845361
28 RQ_d31 47 2.3608303082820905
28 RQ_d58 48 2.347317004425805
28 RQ_d5 49 2.3420990033339155
28 RQ_d12 50 2.332299970436678
28 RQ_d47 51 2.3003214007499064
28 RQ_d3 52 2.290648482707972
28 RQ_d1 53 2.290648482707972
28 RQ_d24 54 2.243570151676813
28 RQ_d63 55 2.2291806064855844
28 RQ_d17 56 2.2238557434721056
28 RQ_d86 57 2.219012404664024
28 RQ_d85 58 2.210314174993556
28 RQ_d41 59 2.202070740450073
28 RQ_d66 60 2.1646586917422637
28 RQ_d88 61 2.138267845880007
28 RQ_d18 62 2.0811042854485717
28 RQ_d19 63 2.058875286103176
28 RQ_d48 64 1.9919838185402567
28 RQ_d2 65 1.6379967718792101
29 RQ_d74 0 4.612639318594659
29 RQ_d84 1 4.11865840532136
29 RQ_d273 2 3.8958333749900094
29 RQ_d13 3 3.643129623160845
29 RQ_d39 4 3.55794298746131
29 RQ_d203 5 3.5123472592630622
29 RQ_d11 6 3.2663613598976906
29 RQ_d8 7 3.176526389628225
29 RQ_d23 8 3.166279040189211
29 RQ_d274 9 3.1563037280122663
29 RQ_d40 10 3.1526120262711004
29 RQ_d269 11 3.145627571459757
29 RQ_d7 12 3.1023966814273227
29 RQ_d21 13 3.067434509377489
29 RQ_d46 14 3.040240189687926
29 RQ_d16 15 3.018232275139733
29 RQ_d9 16 2.952140921596847
29 RQ_d56 17 2.948823729778172
29 RQ_d32 18 2.8688725005155913
29 RQ_d311 19 2.8678885002904555
29 RQ_d268 20 2.853388676966094
29 RQ_d37 21 2.8248476245233034
29 RQ_d139 22 2.8247902799710216
29 RQ_d4 23 2.818956703978048
29 RQ_d20 24 2.808321888433993
29 RQ_d15 25 2.774440260813439
29 RQ_d83 26 2.7597679535341344
29 RQ_d33 27 2.749443631961231
29 RQ_d82 28 2.7088696913951247
29 RQ_d87 29 2.6613539017631527
29 RQ_d22 30 2.6573913108242433
29 RQ_d14 31 2.6544209184277894
29 RQ_d205 32 2.6114551059678237
29 RQ_d6 33 2.610178865793482
29 RQ_d78 34 2.5680129838457186
29 RQ_d154 35 2.552225506401789
29 RQ_d55 36 2.536772212854641
29 RQ_d79 37 2.5119780923739765
29 RQ_d80 38 2.489069084633199
29 RQ_d210 39 2.4643444596028927
29 RQ_d81 40 2.4607139412436734
29 RQ_d211 41 2.429836987804274
29 RQ_d43 42 2.4276932177857034
29 RQ_d72 43 2.422267904024398
29 RQ_d10 44 2.410382616779485
29 RQ_d42 45 2.3685884802996786
29 RQ_d76 46 2.361791821845361
29 RQ_d31 47 2.3608303082820905
29 RQ_d58 48 2.347317004425805
29 RQ_d5 49 2.3420990033339155
29 RQ_d12 50 2.332299970436678
29 RQ_d47 51 2.3003214007499064
29 RQ_d3 52 2.290648482707972
29 RQ_d1 53 2.290648482707972
29 RQ_d24 54 2.243570151676813
29 RQ_d63 55 2.2291806064855844
29 RQ_d17 56 2.2238557434721056
29 RQ_d86 57 2.219012404664024
29 RQ_d85 58 2.210314174993556
29 RQ_d41 59 2.202070740450073
29 RQ_d66 60 2.1646586917422637
29 RQ_d88 61 2.138267845880007
29 RQ_d18 62 2.0811042854485717
29 RQ_d19 63 2.058875286103176
29 RQ_d48 64 1.9919838185402567
29 RQ_d2 65 1.6379967718792101
30 RQ_d74 0 4.612639318594659
30 RQ_d84 1 4.11865840532136
30 RQ_d68 2 4.024714916940015
30 RQ_d273 3 3.8958333749900094
30 RQ_d194 4 3.6458325204447886
30 RQ_d13 5 3.643129623160845
30 RQ_d39 6 3.55794298746131
30 RQ_d203 7 3.5123472592630622
30 RQ_d142 8 3.473778580750294
30 RQ_d11 9 3.2663613598976906
30 RQ_d69 10 3.191022379599868
30 RQ_d8 11 3.176526389628225
30 RQ_d274 12 3.1563037280122663
30 RQ_d40 13 3.1526120262711004
30 RQ_d269 14 3.145627571459757
30 RQ_d7 15 3.1023966814273227
30 RQ_d21 16 3.067434509377489
30 RQ_d46 17 3.040240189687926
30 RQ_d16 18 3.018232275139733
30 RQ_d9 19 2.952140921596847
30 RQ_d56 20 2.948823729778172
30 RQ_d32 21 2.8688725005155913
30 RQ_d268 22 2.853388676966094
30 RQ_d37 23 2.8248476245233034
30 RQ_d139 24 2.8247902799710216
30 RQ_d4 25 2.818956703978048
30 RQ_d20 26 2.808321888433993
30 RQ_d15 27 2.774440260813439
30 RQ_d83 28 2.7597679535341344
30 RQ_d33 29 2.749443631961231
30 RQ_d82 30 2.7088696913951247
30 RQ_d87 31 2.6613539017631527
30 RQ_d22 32 2.6573913108242433
30 RQ_d14 33 2.6544209184277894
30 RQ_d254 34 2.6140688602725355
30 RQ_d205 35 2.6114551059678237
30 RQ_d6 36 2.610178865793482
30 RQ_d78 37 2.5680129838457186
30 RQ_d154 38 2.552225506401789
30 RQ_d55 39 2.536772212854641
30 RQ_d79 40 2.5119780923739765
30 RQ_d108 41 2.507442679922326
30 RQ_d67 42 2.4968063440089865
30 RQ_d153 43 2.4951044675456
30 RQ_d80 44 2.489069084633199
30 RQ_d180 45 2.476978908109599
30 RQ_d210 46 2.4643444596028927
30 RQ_d81 47 2.4607139412436734
30 RQ_d211 48 2.429836987804274
30 RQ_d43 49 2.4276932177857034
30 RQ_d72 50 2.422267904024398
30 RQ_d10 51 2.410382616779485
30 RQ_d42 52 2.3685884802996786
30 RQ_d76 53 2.361791821845361
30 RQ_d31 54 2.3608303082820905
30 RQ_d230 55 2.3509768863128095
30 RQ_d58 56 2.347317004425805
30 RQ_d5 57 2.3420990033339155
30 RQ_d12 58 2.332299970436678
30 RQ_d305 59 2.3185613494172497
30 RQ_d47 60 2.3003214007499064
30 RQ_d1 61 2.290648482707972
30 RQ_d3 62 2.290648482707972
30 RQ_d63 63 2.2291806064855844
30 RQ_d17 64 2.2238557434721056
30 RQ_d86 65 2.219012404664024
30 RQ_d85 66 2.210314174993556
30 RQ_d41 67 2.202070740450073
30 RQ_d66 68 2.1646586917422637
30 RQ_d88 69 2.138267845880007
30 RQ_d18 70 2.0811042854485717
30 RQ_d19 71 2.058875286103176
30 RQ_d2 72 1.6379967718792101
31 RQ_d74 0 4.612639318594659
31 RQ_d84 1 4.11865840532136
31 RQ_d68 2 4.024714916940015
31 RQ_d273 3 3.8958333749900094
31 RQ_d34 4 3.682767621064199
31 RQ_d13 5 3.643129623160845
31 RQ_d39 6 3.55794298746131
31 RQ_d213 7 3.5345716443771424
31 RQ_d203 8 3.5123472592630622
31 RQ_d142 9 3.473778580750294
31 RQ_d44 10 3.4640620150887282
31 RQ_d36 11 3.4279636158810742
31 RQ_d195 12 3.34091589234936
31 RQ_d278 13 3.297561673110796
31 RQ_d11 14 3.2663613598976906
31 RQ_d250 15 3.210862237054627
31 RQ_d69 16 3.191022379599868
31 RQ_d8 17 3.176526389628225
31 RQ_d64 18 3.171101094586119
31 RQ_d274 19 3.1563037280122663
31 RQ_d40 20 3.1526120262711004
31 RQ_d269 21 3.145627571459757
31 RQ_d7 22 3.1023966814273227
31 RQ_d21 23 3.067434509377489
31 RQ_d46 24 3.040240189687926
31 RQ_d16 25 3.018232275139733
31 RQ_d9 26 2.952140921596847
31 RQ_d56 27 2.948823729778172
31 RQ_d32 28 2.8688725005155913
31 RQ_d311 29 2.8678885002904555
31 RQ_d268 30 2.853388676966094
31 RQ_d37 31 2.8248476245233034
31 RQ_d139 32 2.8247902799710216
31 RQ_d4 33 2.818956703978048
31 RQ_d20 34 2.808321888433993
31 RQ_d15 35 2.774440260813439
31 RQ_d83 36 2.7597679535341344
31 RQ_d33 37 2.749443631961231
31 RQ_d65 38 2.7136667227796036
31 RQ_d82 39 2.7088696913951247
31 RQ_d277 40 2.694288531501229
31 RQ_d45 41 2.6708046488869193
31 RQ_d87 42 2.6613539017631527
31 RQ_d102 43 2.6573913108242433
31 RQ_d22 44 2.6573913108242433
31 RQ_d14 45 2.6544209184277894
31 RQ_d205 46 2.6114551059678237
31 RQ_d6 47 2.610178865793482
31 RQ_d89 48 2.5873405839591666
31 RQ_d78 49 2.5680129838457186
31 RQ_d154 50 2.552225506401789
31 RQ_d55 51 2.536772212854641
31 RQ_d152 52 2.5296317873798686
31 RQ_d79 53 2.5119780923739765
31 RQ_d67 54 2.4968063440089865
31 RQ_d153 55 2.4951044675456
31 RQ_d80 56 2.489069084633199
31 RQ_d210 57 2.4643444596028927
31 RQ_d280 58 2.460749443798641
31 RQ_d81 59 2.4607139412436734
31 RQ_d211 60 2.429836987804274
31 RQ_d43 61 2.4276932177857034
31 RQ_d72 62 2.422267904024398
31 RQ_d10 63 2.410382616779485
31 RQ_d200 64 2.3856327852489243
31 RQ_d42 65 2.3685884802996786
31 RQ_d76 66 2.361791821845361
31 RQ_d31 67 2.3608303082820905
31 RQ_d230 68 2.3509768863128095
31 RQ_d58 69 2.347317004425805
31 RQ_d5 70 2.3420990033339155
31 RQ_d12 71 2.332299970436678
31 RQ_d298 72 2.3096908015296798
31 RQ_d98 73 2.3037461651181665
31 RQ_d47 74 2.3003214007499064
31 RQ_d1 75 2.290648482707972
31 RQ_d3 76 2.290648482707972
31 RQ_d248 77 2.244860297966196
31 RQ_d63 78 2.2291806064855844
31 RQ_d17 79 2.2238557434721056
31 RQ_d86 80 2.219012404664024
31 RQ_d85 81 2.210314174993556
31 RQ_d41 82 2.202070740450073
31 RQ_d146 83 2.189137244174822
31 RQ_d66 84 2.1646586917422637
31 RQ_d88 85 2.138267845880007
31 RQ_d143 86 2.085427538701692
31 RQ_d18 87 2.0811042854485717
31 RQ_d168 88 2.0690597963910604
31 RQ_d125 89 2.0655201634049387
31 RQ_d19 90 2.058875286103176
31 RQ_d126 91 2.0310954252391817
31 RQ_d141 92 1.9860080383212495
31 RQ_d160 93 1.8333292533359933
31 RQ_d251 94 1.7250792235775068
31 RQ_d2 95 1.6379967718792101
32 RQ_d119 0 4.397876110440753
32 RQ_d51 1 3.24267846462426
32 RQ_d8 2 3.176526389628225
32 RQ_d61 3 3.1180126456418145
32 RQ_d7 4 3.1023966814273227
32 RQ_d171 5 2.9739449235995004
32 RQ_d9 6 2.952140921596847
32 RQ_d60 7 2.9373563594121013
32 RQ_d198 8 2.8737263910730975
32 RQ_d4 9 2.818956703978048
32 RQ_d259 10 2.7726470186624614
32 RQ_d6 11 2.610178865793482
32 RQ_d115 12 2.5721289999091894
32 RQ_d280 13 2.460749443798641
32 RQ_d52 14 2.394964735341121
32 RQ_d5 15 2.3420990033339155
32 RQ_d1 16 2.290648482707972
32 RQ_d3 17 2.290648482707972
32 RQ_d63 18 2.2291806064855844
32 RQ_d62 19 2.1913750744692826
32 RQ_d25 20 2.162038502296196
32 RQ_d201 21 2.0102038017916524
32 RQ_d59 22 1.8796155461572472
32 RQ_d2 23 1.6379967718792101
32 RQ_d50 24 1.5437334177882678
32 RQ_d49 25 1.4547199309414212
33 RQ_d240 0 4.976769164718892
33 RQ_d70 1 4.207470274440461
33 RQ_d38 2 3.7412709145348955
33 RQ_d34 3 3.682767621064199
33 RQ_d39 4 3.55794298746131
33 RQ_d44 5 3.4640620150887282
33 RQ_d36 6 3.4279636158810742
33 RQ_d91 7 3.281414089078415
33 RQ_d11 8 3.2663613598976906
33 RQ_d250 9 3.210862237054627
33 RQ_d64 10 3.171101094586119
33 RQ_d40 11 3.1526120262711004
33 RQ_d7 12 3.1023966814273227
33 RQ_d260 13 2.8985493380983005
33 RQ_d32 14 2.8688725005155913
33 RQ_d311 15 2.8678885002904555
33 RQ_d37 16 2.8248476245233034
33 RQ_d139 17 2.8247902799710216
33 RQ_d259 18 2.7726470186624614
33 RQ_d83 19 2.7597679535341344
33 RQ_d82 20 2.7088696913951247
33 RQ_d45 21 2.6708046488869193
33 RQ_d87 22 2.6613539017631527
33 RQ_d102 23 2.6573913108242433
33 RQ_d35 24 2.6191714925499037
33 RQ_d89 25 2.5873405839591666
33 RQ_d239 26 2.5839835984423316
33 RQ_d80 27 2.489069084633199
33 RQ_d280 28 2.460749443798641
33 RQ_d81 29 2.4607139412436734
33 RQ_d43 30 2.4276932177857034
33 RQ_d90 31 2.4042331532497436
33 RQ_d42 32 2.3685884802996786
33 RQ_d31 33 2.3608303082820905
33 RQ_d12 34 2.332299970436678
33 RQ_d98 35 2.3037461651181665
33 RQ_d248 36 2.244860297966196
33 RQ_d17 37 2.2238557434721056
33 RQ_d86 38 2.219012404664024
33 RQ_d85 39 2.210314174993556
33 RQ_d41 40 2.202070740450073
33 RQ_d66 41 2.1646586917422637
33 RQ_d88 42 2.138267845880007
33 RQ_d19 43 2.058875286103176
33 RQ_d241 44 1.991266856763761
33 RQ_d251 45 1.7250792235775068
34 RQ_d240 0 4.976769164718892
34 RQ_d70 1 4.207470274440461
34 RQ_d34 2 3.682767621064199
34 RQ_d91 3 3.281414089078415
34 RQ_d236 4 3.2083887221708407
34 RQ_d235 5 3.106071704762469
34 RQ_d233 6 2.9717882984300856
34 RQ_d260 7 2.8985493380983005
34 RQ_d185 8 2.890634617691053
34 RQ_d234 9 2.8263252492716915
34 RQ_d259 10 2.7726470186624614
34 RQ_d87 11 2.6613539017631527
34 RQ_d35 12 2.6191714925499037
34 RQ_d266 13 2.605287315195954
34 RQ_d94 14 2.6009656563719825
34 RQ_d239 15 2.5839835984423316
34 RQ_d90 16 2.4042331532497436
34 RQ_d232 17 2.3689903915456982
34 RQ_d98 18 2.3037461651181665
34 RQ_d93 19 2.178962477989178
34 RQ_d92 20 2.178962477989178
34 RQ_d241 21 1.991266856763761
34 RQ_d284 22 1.8758381440169383
34 RQ_d251 23 1.7250792235775068
35 RQ_d84 0 4.11865840532136
35 RQ_d27 1 4.003544164682276
35 RQ_d39 2 3.55794298746131
35 RQ_d11 3 3.2663613598976906
35 RQ_d97 4 3.049232373852592
35 RQ_d103 5 3.004629191776391
35 RQ_d9 6 2.952140921596847
35 RQ_d30 7 2.9155797390855205
35 RQ_d193 8 2.913637215848308
35 RQ_d32 9 2.8688725005155913
35 RQ_d37 10 2.8248476245233034
35 RQ_d33 11 2.749443631961231
35 RQ_d28 12 2.710468701856618
35 RQ_d82 13 2.7088696913951247
35 RQ_d102 14 2.6573913108242433
35 RQ_d26 15 2.6569762884929338
35 RQ_d121 16 2.622636046155958
35 RQ_d266 17 2.605287315195954
35 RQ_d101 18 2.5932882469064555
35 RQ_d316 19 2.588560153956214
35 RQ_d239 20 2.5839835984423316
35 RQ_d53 21 2.551823311365206
35 RQ_d54 22 2.539769981504989
35 RQ_d80 23 2.489069084633199
35 RQ_d95 24 2.4631342868164863
35 RQ_d315 25 2.457075562675214
35 RQ_d43 26 2.4276932177857034
35 RQ_d196 27 2.419984481556166
35 RQ_d98 28 2.3037461651181665
35 RQ_d99 29 2.2722147023049226
35 RQ_d63 30 2.2291806064855844
35 RQ_d286 31 2.220023431013319
35 RQ_d41 32 2.202070740450073
35 RQ_d96 33 2.174132354094161
35 RQ_d241 34 1.991266856763761
35 RQ_d49 35 1.4547199309414212
36 RQ_d84 0 4.11865840532136
36 RQ_d27 1 4.003544164682276
36 RQ_d107 2 3.7305135327239394
36 RQ_d39 3 3.55794298746131
36 RQ_d288 4 3.396570991957327
36 RQ_d11 5 3.2663613598976906
36 RQ_d97 6 3.049232373852592
36 RQ_d112 7 3.0458899004282514
36 RQ_d103 8 3.004629191776391
36 RQ_d9 9 2.952140921596847
36 RQ_d30 10 2.9155797390855205
36 RQ_d193 11 2.913637215848308
36 RQ_d32 12 2.8688725005155913
36 RQ_d37 13 2.8248476245233034
36 RQ_d283 14 2.8068866227560623
36 RQ_d281 15 2.8068866227560623
36 RQ_d33 16 2.749443631961231
36 RQ_d287 17 2.7177212432829654
36 RQ_d28 18 2.710468701856618
36 RQ_d82 19 2.7088696913951247
36 RQ_d282 20 2.6603787390211315
36 RQ_d102 21 2.6573913108242433
36 RQ_d26 22 2.6569762884929338
36 RQ_d121 23 2.622636046155958
36 RQ_d244 24 2.6191714925499037
36 RQ_d266 25 2.605287315195954
36 RQ_d101 26 2.5932882469064555
36 RQ_d316 27 2.588560153956214
36 RQ_d239 28 2.5839835984423316
36 RQ_d53 29 2.551823311365206
36 RQ_d54 30 2.539769981504989
36 RQ_d80 31 2.489069084633199
36 RQ_d116 32 2.4817133584115325
36 RQ_d95 33 2.4631342868164863
36 RQ_d280 34 2.460749443798641
36 RQ_d315 35 2.457075562675214
36 RQ_d43 36 2.4276932177857034
36 RQ_d196 37 2.419984481556166
36 RQ_d98 38 2.3037461651181665
36 RQ_d99 39 2.2722147023049226
36 RQ_d63 40 2.2291806064855844
36 RQ_d286 41 2.220023431013319
36 RQ_d41 42 2.202070740450073
36 RQ_d96 43 2.174132354094161
36 RQ_d241 44 1.991266856763761
36 RQ_d301 45 1.9818257719227559
36 RQ_d284 46 1.8758381440169383
36 RQ_d49 47 1.4547199309414212
36 RQ_d242 48 1.4519860352516298
37 RQ_d107 0 3.7305135327239394
37 RQ_d192 1 3.596916189296314
37 RQ_d106 2 3.2821466744267638
37 RQ_d104 3 3.278350851066025
37 RQ_d110 4 3.1024676865372576
37 RQ_d105 5 3.0707986316527243
37 RQ_d171 6 2.9739449235995004
37 RQ_d155 7 2.8709386010804074
37 RQ_d118 8 2.7216077605613154
37 RQ_d157 9 2.7092147002661076
37 RQ_d117 10 2.579413812166845
37 RQ_d108 11 2.507442679922326
37 RQ_d150 12 2.4783744420176523
37 RQ_d111 13 2.4355198852680666
37 RQ_d137 14 2.384250112637174
37 RQ_d223 15 2.3589175735270063
37 RQ_d109 16 2.1868880565296873
37 RQ_d201 17 2.0102038017916524
37 RQ_d135 18 1.7906670552495398
37 RQ_d138 19 1.5913965498598521
38 RQ_d107 0 3.7305135327239394
38 RQ_d192 1 3.596916189296314
38 RQ_d106 2 3.2821466744267638
38 RQ_d104 3 3.278350851066025
38 RQ_d110 4 3.1024676865372576
38 RQ_d105 5 3.0707986316527243
38 RQ_d171 6 2.9739449235995004
38 RQ_d155 7 2.8709386010804074
38 RQ_d118 8 2.7216077605613154
38 RQ_d157 9 2.7092147002661076
38 RQ_d117 10 2.579413812166845
38 RQ_d108 11 2.507442679922326
38 RQ_d150 12 2.4783744420176523
38 RQ_d111 13 2.4355198852680666
38 RQ_d137 14 2.384250112637174
38 RQ_d223 15 2.3589175735270063
38 RQ_d109 16 2.1868880565296873
38 RQ_d201 17 2.0102038017916524
38 RQ_d135 18 1.7906670552495398
38 RQ_d138 19 1.5913965498598521
39 RQ_d314 0 3.709343007829082
39 RQ_d317 1 3.3943491649322657
39 RQ_d112 2 3.0458899004282514
39 RQ_d103 3 3.004629191776391
39 RQ_d113 4 2.921373968386441
39 RQ_d114 5 2.8857921575054157
39 RQ_d316 6 2.588560153956214
39 RQ_d115 7 2.5721289999091894
39 RQ_d116 8 2.4817133584115325
39 RQ_d52 9 2.394964735341121
39 RQ_d100 10 1.7587078936348037
40 RQ_d240 0 4.976769164718892
40 RQ_d119 1 4.397876110440753
40 RQ_d68 2 4.024714916940015
40 RQ_d27 3 4.003544164682276
40 RQ_d314 4 3.709343007829082
40 RQ_d317 5 3.3943491649322657
40 RQ_d258 6 2.9249571728700343
40 RQ_d260 7 2.8985493380983005
40 RQ_d238 8 2.8894142801971077
40 RQ_d259 9 2.7726470186624614
40 RQ_d82 10 2.7088696913951247
40 RQ_d121 11 2.622636046155958
40 RQ_d29 12 2.6140143545769745
40 RQ_d316 13 2.588560153956214
40 RQ_d123 14 2.5138708552862
40 RQ_d315 15 2.457075562675214
40 RQ_d43 16 2.4276932177857034
40 RQ_d204 17 2.410385368554584
40 RQ_d257 18 2.2851065555876366
40 RQ_d143 19 2.085427538701692
40 RQ_d189 20 2.036632296699211
40 RQ_d160 21 1.8333292533359933
40 RQ_d120 22 1.7719905761888042
40 RQ_d122 23 1.6392838351721402
41 RQ_d213 0 3.5345716443771424
41 RQ_d142 1 3.473778580750294
41 RQ_d195 2 3.34091589234936
41 RQ_d278 3 3.297561673110796
41 RQ_d40 4 3.1526120262711004
41 RQ_d16 5 3.018232275139733
41 RQ_d128 6 2.9152219872764
41 RQ_d65 7 2.7136667227796036
41 RQ_d277 8 2.694288531501229
41 RQ_d14 9 2.6544209184277894
41 RQ_d152 10 2.5296317873798686
41 RQ_d67 11 2.4968063440089865
41 RQ_d153 12 2.4951044675456
41 RQ_d200 13 2.3856327852489243
41 RQ_d127 14 2.36989833256268
41 RQ_d230 15 2.3509768863128095
41 RQ_d12 16 2.332299970436678
41 RQ_d298 17 2.3096908015296798
41 RQ_d47 18 2.3003214007499064
41 RQ_d146 19 2.189137244174822
41 RQ_d66 20 2.1646586917422637
41 RQ_d143 21 2.085427538701692
41 RQ_d18 22 2.0811042854485717
41 RQ_d168 23 2.0690597963910604
41 RQ_d125 24 2.0655201634049387
41 RQ_d19 25 2.058875286103176
41 RQ_d126 26 2.0310954252391817
41 RQ_d141 27 1.9860080383212495
41 RQ_d160 28 1.8333292533359933
42 RQ_d133 0 2.750342908247924
42 RQ_d131 1 2.5716067316671545
42 RQ_d132 2 1.985989173411502
42 RQ_d130 3 1.8828802942912441
43 RQ_d107 0 3.7305135327239394
43 RQ_d192 1 3.596916189296314
43 RQ_d104 2 3.278350851066025
43 RQ_d110 3 3.1024676865372576
43 RQ_d171 4 2.9739449235995004
43 RQ_d155 5 2.8709386010804074
43 RQ_d118 6 2.7216077605613154
43 RQ_d157 7 2.7092147002661076
43 RQ_d136 8 2.6613747226346813
43 RQ_d108 9 2.507442679922326
43 RQ_d150 10 2.4783744420176523
43 RQ_d111 11 2.4355198852680666
43 RQ_d137 12 2.384250112637174
43 RQ_d223 13 2.3589175735270063
43 RQ_d201 14 2.0102038017916524
43 RQ_d134 15 1.9854543974152608
43 RQ_d149 16 1.9027751748022528
43 RQ_d135 17 1.7906670552495398
43 RQ_d138 18 1.5913965498598521
44 RQ_d159 0 3.685836424935456
44 RQ_d213 1 3.5345716443771424
44 RQ_d142 2 3.473778580750294
44 RQ_d151 3 3.3889781330205495
44 RQ_d195 4 3.34091589234936
44 RQ_d278 5 3.297561673110796
44 RQ_d40 6 3.1526120262711004
44 RQ_d140 7 3.1019878222168997
44 RQ_d16 8 3.018232275139733
44 RQ_d139 9 2.8247902799710216
44 RQ_d65 10 2.7136667227796036
44 RQ_d277 11 2.694288531501229
44 RQ_d14 12 2.6544209184277894
44 RQ_d154 13 2.552225506401789
44 RQ_d152 14 2.5296317873798686
44 RQ_d67 15 2.4968063440089865
44 RQ_d153 16 2.4951044675456
44 RQ_d200 17 2.3856327852489243
44 RQ_d230 18 2.3509768863128095
44 RQ_d12 19 2.332299970436678
44 RQ_d298 20 2.3096908015296798
44 RQ_d47 21 2.3003214007499064
44 RQ_d146 22 2.189137244174822
44 RQ_d66 23 2.1646586917422637
44 RQ_d143 24 2.085427538701692
44 RQ_d18 25 2.0811042854485717
44 RQ_d168 26 2.0690597963910604
44 RQ_d125 27 2.0655201634049387
44 RQ_d19 28 2.058875286103176
44 RQ_d126 29 2.0310954252391817
44 RQ_d141 30 1.9860080383212495
44 RQ_d160 31 1.8333292533359933
45 RQ_d148 0 3.0734675375105605
45 RQ_d167 1 2.6422407140476865
45 RQ_d169 2 2.6102974941679373
45 RQ_d145 3 2.565230469774783
45 RQ_d144 4 2.5504942397356305
45 RQ_d147 5 2.4930190355546236
45 RQ_d170 6 2.332206841394304
45 RQ_d146 7 2.189137244174822
45 RQ_d166 8 1.9762728416681514
46 RQ_d107 0 3.7305135327239394
46 RQ_d192 1 3.596916189296314
46 RQ_d104 2 3.278350851066025
46 RQ_d110 3 3.1024676865372576
46 RQ_d171 4 2.9739449235995004
46 RQ_d155 5 2.8709386010804074
46 RQ_d118 6 2.7216077605613154
46 RQ_d157 7 2.7092147002661076
46 RQ_d136 8 2.6613747226346813
46 RQ_d108 9 2.507442679922326
46 RQ_d150 10 2.4783744420176523
46 RQ_d111 11 2.4355198852680666
46 RQ_d137 12 2.384250112637174
46 RQ_d223 13 2.3589175735270063
46 RQ_d201 14 2.0102038017916524
46 RQ_d134 15 1.9854543974152608
46 RQ_d149 16 1.9027751748022528
46 RQ_d135 17 1.7906670552495398
46 RQ_d138 18 1.5913965498598521
48 RQ_d171 0 2.9739449235995004
48 RQ_d217 1 2.7278087919193985
48 RQ_d157 2 2.7092147002661076
48 RQ_d136 3 2.6613747226346813
48 RQ_d182 4 2.6572124349196833
48 RQ_d150 5 2.4783744420176523
48 RQ_d137 6 2.384250112637174
48 RQ_d134 7 1.9854543974152608
48 RQ_d149 8 1.9027751748022528
48 RQ_d135 9 1.7906670552495398
48 RQ_d138 10 1.5913965498598521
49 RQ_d70 0 4.207470274440461
49 RQ_d159 1 3.685836424935456
49 RQ_d213 2 3.5345716443771424
49 RQ_d142 3 3.473778580750294
49 RQ_d151 4 3.3889781330205495
49 RQ_d195 5 3.34091589234936
49 RQ_d278 6 3.297561673110796
49 RQ_d40 7 3.1526120262711004
49 RQ_d140 8 3.1019878222168997
49 RQ_d16 9 3.018232275139733
49 RQ_d293 10 2.826309959073444
49 RQ_d139 11 2.8247902799710216
49 RQ_d65 12 2.7136667227796036
49 RQ_d277 13 2.694288531501229
49 RQ_d14 14 2.6544209184277894
49 RQ_d154 15 2.552225506401789
49 RQ_d152 16 2.5296317873798686
49 RQ_d67 17 2.4968063440089865
49 RQ_d153 18 2.4951044675456
49 RQ_d43 19 2.4276932177857034
49 RQ_d200 20 2.3856327852489243
49 RQ_d230 21 2.3509768863128095
49 RQ_d12 22 2.332299970436678
49 RQ_d305 23 2.3185613494172497
49 RQ_d298 24 2.3096908015296798
49 RQ_d47 25 2.3003214007499064
49 RQ_d191 26 2.258497282481181
49 RQ_d146 27 2.189137244174822
49 RQ_d66 28 2.1646586917422637
49 RQ_d143 29 2.085427538701692
49 RQ_d18 30 2.0811042854485717
49 RQ_d168 31 2.0690597963910604
49 RQ_d125 32 2.0655201634049387
49 RQ_d19 33 2.058875286103176
49 RQ_d126 34 2.0310954252391817
49 RQ_d141 35 1.9860080383212495
49 RQ_d160 36 1.8333292533359933
50 RQ_d161 0 3.6713719170956387
50 RQ_d164 1 3.2953096157106723
50 RQ_d165 2 2.9341418963855914
50 RQ_d162 3 2.4483016081237317
50 RQ_d163 4 2.265284455348978
51 RQ_d317 0 3.3943491649322657
51 RQ_d148 1 3.0734675375105605
51 RQ_d291 2 2.7501153188617304
51 RQ_d45 3 2.6708046488869193
51 RQ_d167 4 2.6422407140476865
51 RQ_d169 5 2.6102974941679373
51 RQ_d89 6 2.5873405839591666
51 RQ_d145 7 2.565230469774783
51 RQ_d144 8 2.5504942397356305
51 RQ_d147 9 2.4930190355546236
51 RQ_d170 10 2.332206841394304
51 RQ_d172 11 2.3122715477260924
51 RQ_d298 12 2.3096908015296798
51 RQ_d146 13 2.189137244174822
51 RQ_d168 14 2.0690597963910604
51 RQ_d166 15 1.9762728416681514
52 RQ_d175 0 4.049605744425771
52 RQ_d312 1 3.3939185402437153
52 RQ_d61 2 3.1180126456418145
52 RQ_d112 3 3.0458899004282514
52 RQ_d114 4 2.8857921575054157
52 RQ_d310 5 2.827134572789327
52 RQ_d199 6 2.6299365697152473
52 RQ_d176 7 2.5501958913707767
52 RQ_d174 8 2.5396208091000974
52 RQ_d172 9 2.3122715477260924
52 RQ_d63 10 2.2291806064855844
52 RQ_d241 11 1.991266856763761
52 RQ_d173 12 1.8164956834872605
53 RQ_d38 0 3.7412709145348955
53 RQ_d107 1 3.7305135327239394
53 RQ_d13 2 3.643129623160845
53 RQ_d312 3 3.3939185402437153
53 RQ_d195 4 3.34091589234936
53 RQ_d11 5 3.2663613598976906
53 RQ_d221 6 3.2544067025043812
53 RQ_d184 7 3.06587414555466
53 RQ_d46 8 3.040240189687926
53 RQ_d128 9 2.9152219872764
53 RQ_d32 10 2.8688725005155913
53 RQ_d20 11 2.808321888433993
53 RQ_d277 12 2.694288531501229
53 RQ_d22 13 2.6573913108242433
53 RQ_d29 14 2.6140143545769745
53 RQ_d115 15 2.5721289999091894
53 RQ_d78 16 2.5680129838457186
53 RQ_d307 17 2.5276438154165852
53 RQ_d180 18 2.476978908109599
53 RQ_d58 19 2.347317004425805
53 RQ_d178 20 2.2914197279945165
53 RQ_d191 21 2.258497282481181
53 RQ_d24 22 2.243570151676813
53 RQ_d181 23 2.235653300755905
53 RQ_d109 24 2.1868880565296873
53 RQ_d25 25 2.162038502296196
53 RQ_d125 26 2.0655201634049387
53 RQ_d179 27 2.0070297376123403
53 RQ_d48 28 1.9919838185402567
53 RQ_d202 29 1.6503990629386676
53 RQ_d177 30 1.206986605755285
54 RQ_d285 0 3.91102582797793
54 RQ_d213 1 3.5345716443771424
54 RQ_d208 2 3.5134317647473137
54 RQ_d186 3 3.333032971338564
54 RQ_d278 4 3.297561673110796
54 RQ_d270 5 3.246655549671103
54 RQ_d269 6 3.145627571459757
54 RQ_d184 7 3.06587414555466
54 RQ_d185 8 2.890634617691053
54 RQ_d268 9 2.853388676966094
54 RQ_d283 10 2.8068866227560623
54 RQ_d206 11 2.7768143437903205
54 RQ_d287 12 2.7177212432829654
54 RQ_d182 13 2.6572124349196833
54 RQ_d205 14 2.6114551059678237
54 RQ_d183 15 2.500115854781481
54 RQ_d210 16 2.4643444596028927
54 RQ_d111 17 2.4355198852680666
54 RQ_d211 18 2.429836987804274
54 RQ_d204 19 2.410385368554584
54 RQ_d279 20 2.336905315154082
54 RQ_d267 21 2.3197757717746956
54 RQ_d178 22 2.2914197279945165
54 RQ_d207 23 2.2419894468748143
54 RQ_d181 24 2.235653300755905
54 RQ_d286 25 2.220023431013319
54 RQ_d109 26 2.1868880565296873
54 RQ_d313 27 1.9278393203464772
55 RQ_d74 0 4.612639318594659
55 RQ_d70 1 4.207470274440461
55 RQ_d273 2 3.8958333749900094
55 RQ_d159 3 3.685836424935456
55 RQ_d208 4 3.5134317647473137
55 RQ_d203 5 3.5123472592630622
55 RQ_d209 6 3.3867260756204263
55 RQ_d292 7 3.336790873864929
55 RQ_d221 8 3.2544067025043812
55 RQ_d270 9 3.246655549671103
55 RQ_d190 10 3.1833027316767772
55 RQ_d274 11 3.1563037280122663
55 RQ_d269 12 3.145627571459757
55 RQ_d140 13 3.1019878222168997
55 RQ_d73 14 3.1005593388027055
55 RQ_d128 15 2.9152219872764
55 RQ_d188 16 2.903605862728272
55 RQ_d155 17 2.8709386010804074
55 RQ_d311 18 2.8678885002904555
55 RQ_d77 19 2.8658034849958436
55 RQ_d268 20 2.853388676966094
55 RQ_d272 21 2.7814986974128426
55 RQ_d206 22 2.7768143437903205
55 RQ_d277 23 2.694288531501229
55 RQ_d205 24 2.6114551059678237
55 RQ_d266 25 2.605287315195954
55 RQ_d263 26 2.56555982858318
55 RQ_d264 27 2.5372484021849138
55 RQ_d71 28 2.523003525467521
55 RQ_d153 29 2.4951044675456
55 RQ_d210 30 2.4643444596028927
55 RQ_d211 31 2.429836987804274
55 RQ_d72 32 2.422267904024398
55 RQ_d204 33 2.410385368554584
55 RQ_d265 34 2.403688007635846
55 RQ_d42 35 2.3685884802996786
55 RQ_d76 36 2.361791821845361
55 RQ_d262 37 2.342834039818261
55 RQ_d267 38 2.3197757717746956
55 RQ_d178 39 2.2914197279945165
55 RQ_d191 40 2.258497282481181
55 RQ_d207 41 2.2419894468748143
55 RQ_d249 42 2.0571524028430606
55 RQ_d189 43 2.036632296699211
55 RQ_d271 44 1.7387560802970206
55 RQ_d202 45 1.6503990629386676
56 RQ_d194 0 3.6458325204447886
56 RQ_d192 1 3.596916189296314
56 RQ_d195 2 3.34091589234936
56 RQ_d193 3 2.913637215848308
56 RQ_d198 4 2.8737263910730975
56 RQ_d196 5 2.419984481556166
57 RQ_d197 0 3.5344972226248768
57 RQ_d195 1 3.34091589234936
57 RQ_d198 2 2.8737263910730975
57 RQ_d199 3 2.6299365697152473
57 RQ_d200 4 2.3856327852489243
57 RQ_d201 5 2.0102038017916524
58 RQ_d273 0 3.8958333749900094
58 RQ_d107 1 3.7305135327239394
58 RQ_d208 2 3.5134317647473137
58 RQ_d203 3 3.5123472592630622
58 RQ_d209 4 3.3867260756204263
58 RQ_d270 5 3.246655549671103
58 RQ_d190 6 3.1833027316767772
58 RQ_d274 7 3.1563037280122663
58 RQ_d269 8 3.145627571459757
58 RQ_d110 9 3.1024676865372576
58 RQ_d188 10 2.903605862728272
58 RQ_d268 11 2.853388676966094
58 RQ_d272 12 2.7814986974128426
58 RQ_d206 13 2.7768143437903205
58 RQ_d205 14 2.6114551059678237
58 RQ_d266 15 2.605287315195954
58 RQ_d263 16 2.56555982858318
58 RQ_d264 17 2.5372484021849138
58 RQ_d210 18 2.4643444596028927
58 RQ_d211 19 2.429836987804274
58 RQ_d265 20 2.403688007635846
58 RQ_d200 21 2.3856327852489243
58 RQ_d223 22 2.3589175735270063
58 RQ_d191 23 2.258497282481181
58 RQ_d309 24 2.2558944054888683
58 RQ_d207 25 2.2419894468748143
58 RQ_d189 26 2.036632296699211
58 RQ_d271 27 1.7387560802970206
58 RQ_d202 28 1.6503990629386676
59 RQ_d285 0 3.91102582797793
59 RQ_d273 1 3.8958333749900094
59 RQ_d208 2 3.5134317647473137
59 RQ_d203 3 3.5123472592630622
59 RQ_d209 4 3.3867260756204263
59 RQ_d186 5 3.333032971338564
59 RQ_d270 6 3.246655549671103
59 RQ_d190 7 3.1833027316767772
59 RQ_d274 8 3.1563037280122663
59 RQ_d269 9 3.145627571459757
59 RQ_d184 10 3.06587414555466
59 RQ_d188 11 2.903605862728272
59 RQ_d185 12 2.890634617691053
59 RQ_d268 13 2.853388676966094
59 RQ_d283 14 2.8068866227560623
59 RQ_d272 15 2.7814986974128426
59 RQ_d206 16 2.7768143437903205
59 RQ_d287 17 2.7177212432829654
59 RQ_d182 18 2.6572124349196833
59 RQ_d205 19 2.6114551059678237
59 RQ_d266 20 2.605287315195954
59 RQ_d263 21 2.56555982858318
59 RQ_d264 22 2.5372484021849138
59 RQ_d183 23 2.500115854781481
59 RQ_d210 24 2.4643444596028927
59 RQ_d211 25 2.429836987804274
59 RQ_d204 26 2.410385368554584
59 RQ_d265 27 2.403688007635846
59 RQ_d267 28 2.3197757717746956
59 RQ_d178 29 2.2914197279945165
59 RQ_d191 30 2.258497282481181
59 RQ_d207 31 2.2419894468748143
59 RQ_d286 32 2.220023431013319
59 RQ_d189 33 2.036632296699211
59 RQ_d271 34 1.7387560802970206
59 RQ_d202 35 1.6503990629386676
60 RQ_d285 0 3.91102582797793
60 RQ_d273 1 3.8958333749900094
60 RQ_d208 2 3.5134317647473137
60 RQ_d203 3 3.5123472592630622
60 RQ_d209 4 3.3867260756204263
60 RQ_d186 5 3.333032971338564
60 RQ_d270 6 3.246655549671103
60 RQ_d190 7 3.1833027316767772
60 RQ_d274 8 3.1563037280122663
60 RQ_d269 9 3.145627571459757
60 RQ_d184 10 3.06587414555466
60 RQ_d188 11 2.903605862728272
60 RQ_d185 12 2.890634617691053
60 RQ_d311 13 2.8678885002904555
60 RQ_d268 14 2.853388676966094
60 RQ_d283 15 2.8068866227560623
60 RQ_d272 16 2.7814986974128426
60 RQ_d206 17 2.7768143437903205
60 RQ_d287 18 2.7177212432829654
60 RQ_d182 19 2.6572124349196833
60 RQ_d205 20 2.6114551059678237
60 RQ_d266 21 2.605287315195954
60 RQ_d263 22 2.56555982858318
60 RQ_d264 23 2.5372484021849138
60 RQ_d183 24 2.500115854781481
60 RQ_d210 25 2.4643444596028927
60 RQ_d211 26 2.429836987804274
60 RQ_d204 27 2.410385368554584
60 RQ_d265 28 2.403688007635846
60 RQ_d267 29 2.3197757717746956
60 RQ_d178 30 2.2914197279945165
60 RQ_d191 31 2.258497282481181
60 RQ_d207 32 2.2419894468748143
60 RQ_d286 33 2.220023431013319
60 RQ_d189 34 2.036632296699211
60 RQ_d271 35 1.7387560802970206
60 RQ_d202 36 1.6503990629386676
61 RQ_d240 0 4.976769164718892
61 RQ_d129 1 4.397076378494827
61 RQ_d216 2 4.114549422307741
61 RQ_d214 3 3.8094234910602545
61 RQ_d34 4 3.682767621064199
61 RQ_d213 5 3.5345716443771424
61 RQ_d186 6 3.333032971338564
61 RQ_d250 7 3.210862237054627
61 RQ_d236 8 3.2083887221708407
61 RQ_d235 9 3.106071704762469
61 RQ_d233 10 2.9717882984300856
61 RQ_d128 11 2.9152219872764
61 RQ_d260 12 2.8985493380983005
61 RQ_d234 13 2.8263252492716915
61 RQ_d217 14 2.7278087919193985
61 RQ_d254 15 2.6140688602725355
61 RQ_d131 16 2.5716067316671545
61 RQ_d183 17 2.500115854781481
61 RQ_d252 18 2.495190615589255
61 RQ_d95 19 2.4631342868164863
61 RQ_d212 20 2.33842052789452
61 RQ_d99 21 2.2722147023049226
61 RQ_d255 22 2.2611498004860024
61 RQ_d63 23 2.2291806064855844
61 RQ_d146 24 2.189137244174822
61 RQ_d249 25 2.0571524028430606
62 RQ_d276 0 3.775898094392439
62 RQ_d220 1 3.541217155255647
62 RQ_d221 2 3.2544067025043812
62 RQ_d219 3 3.184328159322169
62 RQ_d218 4 3.0630113961010945
62 RQ_d128 5 2.9152219872764
62 RQ_d217 6 2.7278087919193985
62 RQ_d277 7 2.694288531501229
62 RQ_d108 8 2.507442679922326
62 RQ_d279 9 2.336905315154082
62 RQ_d99 10 2.2722147023049226
62 RQ_d41 11 2.202070740450073
62 RQ_d96 12 2.174132354094161
62 RQ_d275 13 2.0121649599608094
62 RQ_d177 14 1.206986605755285
63 RQ_d222 0 4.434112933566659
63 RQ_d105 1 3.0707986316527243
63 RQ_d256 2 3.0603330142821643
63 RQ_d254 3 2.6140688602725355
63 RQ_d252 4 2.495190615589255
63 RQ_d223 5 2.3589175735270063
63 RQ_d289 6 2.322524744808207
63 RQ_d255 7 2.2611498004860024
63 RQ_d224 8 1.8205502039906227
63 RQ_d225 9 1.6343477097490187
63 RQ_d253 10 1.5484543994540745
63 RQ_d226 11 1.2036975188131769
64 RQ_d184 0 3.06587414555466
64 RQ_d157 1 2.7092147002661076
64 RQ_d303 2 2.6720235121934635
64 RQ_d229 3 2.557493055603424
64 RQ_d307 4 2.5276438154165852
64 RQ_d227 5 2.5138708552862
64 RQ_d231 6 2.4333525528794815
64 RQ_d265 7 2.403688007635846
64 RQ_d230 8 2.3509768863128095
64 RQ_d305 9 2.3185613494172497
64 RQ_d228 10 2.303444648321797
64 RQ_d309 11 2.2558944054888683
64 RQ_d306 12 2.094339100570417
64 RQ_d304 13 1.8609681250417274
65 RQ_d240 0 4.976769164718892
65 RQ_d214 1 3.8094234910602545
65 RQ_d215 2 3.7711810705388555
65 RQ_d250 3 3.210862237054627
65 RQ_d236 4 3.2083887221708407
65 RQ_d235 5 3.106071704762469
65 RQ_d105 6 3.0707986316527243
65 RQ_d233 7 2.9717882984300856
65 RQ_d128 8 2.9152219872764
65 RQ_d260 9 2.8985493380983005
65 RQ_d185 10 2.890634617691053
65 RQ_d234 11 2.8263252492716915
65 RQ_d217 12 2.7278087919193985
65 RQ_d254 13 2.6140688602725355
65 RQ_d94 14 2.6009656563719825
65 RQ_d131 15 2.5716067316671545
65 RQ_d252 16 2.495190615589255
65 RQ_d95 17 2.4631342868164863
65 RQ_d99 18 2.2722147023049226
65 RQ_d255 19 2.2611498004860024
65 RQ_d41 20 2.202070740450073
65 RQ_d146 21 2.189137244174822
65 RQ_d92 22 2.178962477989178
65 RQ_d93 23 2.178962477989178
65 RQ_d96 24 2.174132354094161
65 RQ_d249 25 2.0571524028430606
65 RQ_d271 26 1.7387560802970206
66 RQ_d240 0 4.976769164718892
66 RQ_d84 1 4.11865840532136
66 RQ_d314 2 3.709343007829082
66 RQ_d317 3 3.3943491649322657
66 RQ_d11 4 3.2663613598976906
66 RQ_d97 5 3.049232373852592
66 RQ_d9 6 2.952140921596847
66 RQ_d258 7 2.9249571728700343
66 RQ_d193 8 2.913637215848308
66 RQ_d260 9 2.8985493380983005
66 RQ_d238 10 2.8894142801971077
66 RQ_d32 11 2.8688725005155913
66 RQ_d259 12 2.7726470186624614
66 RQ_d82 13 2.7088696913951247
66 RQ_d121 14 2.622636046155958
66 RQ_d101 15 2.5932882469064555
66 RQ_d316 16 2.588560153956214
66 RQ_d239 17 2.5839835984423316
66 RQ_d123 18 2.5138708552862
66 RQ_d95 19 2.4631342868164863
66 RQ_d315 20 2.457075562675214
66 RQ_d196 21 2.419984481556166
66 RQ_d98 22 2.3037461651181665
66 RQ_d257 23 2.2851065555876366
66 RQ_d99 24 2.2722147023049226
66 RQ_d63 25 2.2291806064855844
66 RQ_d41 26 2.202070740450073
66 RQ_d96 27 2.174132354094161
66 RQ_d189 28 2.036632296699211
66 RQ_d241 29 1.991266856763761
67 RQ_d314 0 3.709343007829082
67 RQ_d209 1 3.3867260756204263
67 RQ_d292 2 3.336790873864929
67 RQ_d221 3 3.2544067025043812
67 RQ_d218 4 3.0630113961010945
67 RQ_d97 5 3.049232373852592
67 RQ_d260 6 2.8985493380983005
67 RQ_d114 7 2.8857921575054157
67 RQ_d4 8 2.818956703978048
67 RQ_d65 9 2.7136667227796036
67 RQ_d277 10 2.694288531501229
67 RQ_d6 11 2.610178865793482
67 RQ_d101 12 2.5932882469064555
67 RQ_d89 13 2.5873405839591666
67 RQ_d78 14 2.5680129838457186
67 RQ_d144 15 2.5504942397356305
67 RQ_d153 16 2.4951044675456
67 RQ_d80 17 2.489069084633199
67 RQ_d95 18 2.4631342868164863
67 RQ_d280 19 2.460749443798641
67 RQ_d315 20 2.457075562675214
67 RQ_d294 21 2.3951824336604717
67 RQ_d232 22 2.3689903915456982
67 RQ_d230 23 2.3509768863128095
67 RQ_d279 24 2.336905315154082
67 RQ_d228 25 2.303444648321797
67 RQ_d257 26 2.2851065555876366
67 RQ_d143 27 2.085427538701692
67 RQ_d168 28 2.0690597963910604
67 RQ_d48 29 1.9919838185402567
67 RQ_d313 30 1.9278393203464772
67 RQ_d130 31 1.8828802942912441
67 RQ_d160 32 1.8333292533359933
67 RQ_d100 33 1.7587078936348037
67 RQ_d299 34 1.7306743603822714
67 RQ_d187 35 1.6303942447636994
67 RQ_d302 36 1.5112170267101255
67 RQ_d242 37 1.4519860352516298
67 RQ_d226 38 1.2036975188131769
68 RQ_d213 0 3.5345716443771424
68 RQ_d51 1 3.24267846462426
68 RQ_d250 2 3.210862237054627
68 RQ_d157 3 2.7092147002661076
68 RQ_d35 4 2.6191714925499037
68 RQ_d80 5 2.489069084633199
68 RQ_d280 6 2.460749443798641
68 RQ_d52 7 2.394964735341121
68 RQ_d172 8 2.3122715477260924
68 RQ_d3 9 2.290648482707972
68 RQ_d1 10 2.290648482707972
68 RQ_d99 11 2.2722147023049226
68 RQ_d41 12 2.202070740450073
68 RQ_d96 13 2.174132354094161
68 RQ_d249 14 2.0571524028430606
68 RQ_d189 15 2.036632296699211
68 RQ_d59 16 1.8796155461572472
68 RQ_d271 17 1.7387560802970206
68 RQ_d247 18 1.699429502959981
68 RQ_d49 19 1.4547199309414212
68 RQ_d242 20 1.4519860352516298
69 RQ_d105 0 3.0707986316527243
69 RQ_d256 1 3.0603330142821643
69 RQ_d254 2 2.6140688602725355
69 RQ_d252 3 2.495190615589255
69 RQ_d223 4 2.3589175735270063
69 RQ_d289 5 2.322524744808207
69 RQ_d255 6 2.2611498004860024
69 RQ_d224 7 1.8205502039906227
69 RQ_d225 8 1.6343477097490187
69 RQ_d253 9 1.5484543994540745
69 RQ_d226 10 1.2036975188131769
70 RQ_d38 0 3.7412709145348955
70 RQ_d44 1 3.4640620150887282
70 RQ_d91 2 3.281414089078415
70 RQ_d261 3 3.201138082617255
70 RQ_d258 4 2.9249571728700343
70 RQ_d260 5 2.8985493380983005
70 RQ_d37 6 2.8248476245233034
70 RQ_d259 7 2.7726470186624614
71 RQ_d74 0 4.612639318594659
71 RQ_d70 1 4.207470274440461
71 RQ_d273 2 3.8958333749900094
71 RQ_d208 3 3.5134317647473137
71 RQ_d203 4 3.5123472592630622
71 RQ_d209 5 3.3867260756204263
71 RQ_d270 6 3.246655549671103
71 RQ_d190 7 3.1833027316767772
71 RQ_d274 8 3.1563037280122663
71 RQ_d269 9 3.145627571459757
71 RQ_d73 10 3.1005593388027055
71 RQ_d188 11 2.903605862728272
71 RQ_d155 12 2.8709386010804074
71 RQ_d311 13 2.8678885002904555
71 RQ_d77 14 2.8658034849958436
71 RQ_d268 15 2.853388676966094
71 RQ_d272 16 2.7814986974128426
71 RQ_d206 17 2.7768143437903205
71 RQ_d277 18 2.694288531501229
71 RQ_d205 19 2.6114551059678237
71 RQ_d266 20 2.605287315195954
71 RQ_d263 21 2.56555982858318
71 RQ_d264 22 2.5372484021849138
71 RQ_d71 23 2.523003525467521
71 RQ_d210 24 2.4643444596028927
71 RQ_d211 25 2.429836987804274
71 RQ_d72 26 2.422267904024398
71 RQ_d204 27 2.410385368554584
71 RQ_d265 28 2.403688007635846
71 RQ_d76 29 2.361791821845361
71 RQ_d262 30 2.342834039818261
71 RQ_d267 31 2.3197757717746956
71 RQ_d178 32 2.2914197279945165
71 RQ_d191 33 2.258497282481181
71 RQ_d207 34 2.2419894468748143
71 RQ_d189 35 2.036632296699211
71 RQ_d271 36 1.7387560802970206
71 RQ_d202 37 1.6503990629386676
72 RQ_d74 0 4.612639318594659
72 RQ_d70 1 4.207470274440461
72 RQ_d285 2 3.91102582797793
72 RQ_d273 3 3.8958333749900094
72 RQ_d208 4 3.5134317647473137
72 RQ_d203 5 3.5123472592630622
72 RQ_d209 6 3.3867260756204263
72 RQ_d186 7 3.333032971338564
72 RQ_d270 8 3.246655549671103
72 RQ_d190 9 3.1833027316767772
72 RQ_d274 10 3.1563037280122663
72 RQ_d269 11 3.145627571459757
72 RQ_d73 12 3.1005593388027055
72 RQ_d184 13 3.06587414555466
72 RQ_d188 14 2.903605862728272
72 RQ_d185 15 2.890634617691053
72 RQ_d155 16 2.8709386010804074
72 RQ_d311 17 2.8678885002904555
72 RQ_d77 18 2.8658034849958436
72 RQ_d268 19 2.853388676966094
72 RQ_d283 20 2.8068866227560623
72 RQ_d272 21 2.7814986974128426
72 RQ_d206 22 2.7768143437903205
72 RQ_d287 23 2.7177212432829654
72 RQ_d277 24 2.694288531501229
72 RQ_d182 25 2.6572124349196833
72 RQ_d205 26 2.6114551059678237
72 RQ_d266 27 2.605287315195954
72 RQ_d263 28 2.56555982858318
72 RQ_d264 29 2.5372484021849138
72 RQ_d71 30 2.523003525467521
72 RQ_d183 31 2.500115854781481
72 RQ_d210 32 2.4643444596028927
72 RQ_d211 33 2.429836987804274
72 RQ_d72 34 2.422267904024398
72 RQ_d204 35 2.410385368554584
72 RQ_d265 36 2.403688007635846
72 RQ_d76 37 2.361791821845361
72 RQ_d262 38 2.342834039818261
72 RQ_d267 39 2.3197757717746956
72 RQ_d178 40 2.2914197279945165
72 RQ_d191 41 2.258497282481181
72 RQ_d207 42 2.2419894468748143
72 RQ_d286 43 2.220023431013319
72 RQ_d189 44 2.036632296699211
72 RQ_d271 45 1.7387560802970206
72 RQ_d202 46 1.6503990629386676
73 RQ_d74 0 4.612639318594659
73 RQ_d70 1 4.207470274440461
73 RQ_d273 2 3.8958333749900094
73 RQ_d208 3 3.5134317647473137
73 RQ_d203 4 3.5123472592630622
73 RQ_d209 5 3.3867260756204263
73 RQ_d270 6 3.246655549671103
73 RQ_d190 7 3.1833027316767772
73 RQ_d274 8 3.1563037280122663
73 RQ_d269 9 3.145627571459757
73 RQ_d73 10 3.1005593388027055
73 RQ_d188 11 2.903605862728272
73 RQ_d155 12 2.8709386010804074
73 RQ_d311 13 2.8678885002904555
73 RQ_d77 14 2.8658034849958436
73 RQ_d268 15 2.853388676966094
73 RQ_d234 16 2.8263252492716915
73 RQ_d272 17 2.7814986974128426
73 RQ_d206 18 2.7768143437903205
73 RQ_d277 19 2.694288531501229
73 RQ_d205 20 2.6114551059678237
73 RQ_d266 21 2.605287315195954
73 RQ_d263 22 2.56555982858318
73 RQ_d264 23 2.5372484021849138
73 RQ_d71 24 2.523003525467521
73 RQ_d210 25 2.4643444596028927
73 RQ_d211 26 2.429836987804274
73 RQ_d72 27 2.422267904024398
73 RQ_d204 28 2.410385368554584
73 RQ_d265 29 2.403688007635846
73 RQ_d76 30 2.361791821845361
73 RQ_d262 31 2.342834039818261
73 RQ_d267 32 2.3197757717746956
73 RQ_d178 33 2.2914197279945165
73 RQ_d191 34 2.258497282481181
73 RQ_d207 35 2.2419894468748143
73 RQ_d189 36 2.036632296699211
73 RQ_d271 37 1.7387560802970206
73 RQ_d202 38 1.6503990629386676
74 RQ_d276 0 3.775898094392439
74 RQ_d220 1 3.541217155255647
74 RQ_d278 2 3.297561673110796
74 RQ_d219 3 3.184328159322169
74 RQ_d218 4 3.0630113961010945
74 RQ_d128 5 2.9152219872764
74 RQ_d217 6 2.7278087919193985
74 RQ_d295 7 2.7249846891044966
74 RQ_d277 8 2.694288531501229
74 RQ_d108 9 2.507442679922326
74 RQ_d279 10 2.336905315154082
74 RQ_d99 11 2.2722147023049226
74 RQ_d41 12 2.202070740450073
74 RQ_d96 13 2.174132354094161
74 RQ_d275 14 2.0121649599608094
74 RQ_d177 15 1.206986605755285
75 RQ_d314 0 3.709343007829082
75 RQ_d288 1 3.396570991957327
75 RQ_d209 2 3.3867260756204263
75 RQ_d292 3 3.336790873864929
75 RQ_d221 4 3.2544067025043812
75 RQ_d218 5 3.0630113961010945
75 RQ_d97 6 3.049232373852592
75 RQ_d260 7 2.8985493380983005
75 RQ_d114 8 2.8857921575054157
75 RQ_d4 9 2.818956703978048
75 RQ_d281 10 2.8068866227560623
75 RQ_d283 11 2.8068866227560623
75 RQ_d287 12 2.7177212432829654
75 RQ_d65 13 2.7136667227796036
75 RQ_d277 14 2.694288531501229
75 RQ_d282 15 2.6603787390211315
75 RQ_d6 16 2.610178865793482
75 RQ_d101 17 2.5932882469064555
75 RQ_d89 18 2.5873405839591666
75 RQ_d78 19 2.5680129838457186
75 RQ_d144 20 2.5504942397356305
75 RQ_d153 21 2.4951044675456
75 RQ_d80 22 2.489069084633199
75 RQ_d95 23 2.4631342868164863
75 RQ_d280 24 2.460749443798641
75 RQ_d315 25 2.457075562675214
75 RQ_d294 26 2.3951824336604717
75 RQ_d232 27 2.3689903915456982
75 RQ_d230 28 2.3509768863128095
75 RQ_d279 29 2.336905315154082
75 RQ_d228 30 2.303444648321797
75 RQ_d257 31 2.2851065555876366
75 RQ_d286 32 2.220023431013319
75 RQ_d143 33 2.085427538701692
75 RQ_d168 34 2.0690597963910604
75 RQ_d48 35 1.9919838185402567
75 RQ_d313 36 1.9278393203464772
75 RQ_d130 37 1.8828802942912441
75 RQ_d284 38 1.8758381440169383
75 RQ_d160 39 1.8333292533359933
75 RQ_d100 40 1.7587078936348037
75 RQ_d299 41 1.7306743603822714
75 RQ_d187 42 1.6303942447636994
75 RQ_d302 43 1.5112170267101255
75 RQ_d242 44 1.4519860352516298
75 RQ_d226 45 1.2036975188131769
76 RQ_d107 0 3.7305135327239394
76 RQ_d314 1 3.709343007829082
76 RQ_d288 2 3.396570991957327
76 RQ_d209 3 3.3867260756204263
76 RQ_d292 4 3.336790873864929
76 RQ_d221 5 3.2544067025043812
76 RQ_d110 6 3.1024676865372576
76 RQ_d218 7 3.0630113961010945
76 RQ_d97 8 3.049232373852592
76 RQ_d260 9 2.8985493380983005
76 RQ_d114 10 2.8857921575054157
76 RQ_d4 11 2.818956703978048
76 RQ_d283 12 2.8068866227560623
76 RQ_d281 13 2.8068866227560623
76 RQ_d287 14 2.7177212432829654
76 RQ_d65 15 2.7136667227796036
76 RQ_d277 16 2.694288531501229
76 RQ_d282 17 2.6603787390211315
76 RQ_d6 18 2.610178865793482
76 RQ_d101 19 2.5932882469064555
76 RQ_d89 20 2.5873405839591666
76 RQ_d78 21 2.5680129838457186
76 RQ_d144 22 2.5504942397356305
76 RQ_d153 23 2.4951044675456
76 RQ_d80 24 2.489069084633199
76 RQ_d95 25 2.4631342868164863
76 RQ_d280 26 2.460749443798641
76 RQ_d315 27 2.457075562675214
76 RQ_d294 28 2.3951824336604717
76 RQ_d200 29 2.3856327852489243
76 RQ_d232 30 2.3689903915456982
76 RQ_d223 31 2.3589175735270063
76 RQ_d230 32 2.3509768863128095
76 RQ_d279 33 2.336905315154082
76 RQ_d228 34 2.303444648321797
76 RQ_d257 35 2.2851065555876366
76 RQ_d309 36 2.2558944054888683
76 RQ_d286 37 2.220023431013319
76 RQ_d143 38 2.085427538701692
76 RQ_d168 39 2.0690597963910604
76 RQ_d48 40 1.9919838185402567
76 RQ_d313 41 1.9278393203464772
76 RQ_d130 42 1.8828802942912441
76 RQ_d284 43 1.8758381440169383
76 RQ_d160 44 1.8333292533359933
76 RQ_d100 45 1.7587078936348037
76 RQ_d299 46 1.7306743603822714
76 RQ_d187 47 1.6303942447636994
76 RQ_d302 48 1.5112170267101255
76 RQ_d242 49 1.4519860352516298
76 RQ_d226 50 1.2036975188131769
77 RQ_d314 0 3.709343007829082
77 RQ_d209 1 3.3867260756204263
77 RQ_d292 2 3.336790873864929
77 RQ_d221 3 3.2544067025043812
77 RQ_d218 4 3.0630113961010945
77 RQ_d97 5 3.049232373852592
77 RQ_d260 6 2.8985493380983005
77 RQ_d114 7 2.8857921575054157
77 RQ_d4 8 2.818956703978048
77 RQ_d65 9 2.7136667227796036
77 RQ_d277 10 2.694288531501229
77 RQ_d6 11 2.610178865793482
77 RQ_d101 12 2.5932882469064555
77 RQ_d89 13 2.5873405839591666
77 RQ_d78 14 2.5680129838457186
77 RQ_d144 15 2.5504942397356305
77 RQ_d153 16 2.4951044675456
77 RQ_d80 17 2.489069084633199
77 RQ_d95 18 2.4631342868164863
77 RQ_d280 19 2.460749443798641
77 RQ_d315 20 2.457075562675214
77 RQ_d294 21 2.3951824336604717
77 RQ_d232 22 2.3689903915456982
77 RQ_d230 23 2.3509768863128095
77 RQ_d279 24 2.336905315154082
77 RQ_d228 25 2.303444648321797
77 RQ_d257 26 2.2851065555876366
77 RQ_d143 27 2.085427538701692
77 RQ_d168 28 2.0690597963910604
77 RQ_d48 29 1.9919838185402567
77 RQ_d313 30 1.9278393203464772
77 RQ_d130 31 1.8828802942912441
77 RQ_d160 32 1.8333292533359933
77 RQ_d100 33 1.7587078936348037
77 RQ_d299 34 1.7306743603822714
77 RQ_d187 35 1.6303942447636994
77 RQ_d302 36 1.5112170267101255
77 RQ_d242 37 1.4519860352516298
77 RQ_d226 38 1.2036975188131769
78 RQ_d314 0 3.709343007829082
78 RQ_d209 1 3.3867260756204263
78 RQ_d292 2 3.336790873864929
78 RQ_d221 3 3.2544067025043812
78 RQ_d218 4 3.0630113961010945
78 RQ_d97 5 3.049232373852592
78 RQ_d260 6 2.8985493380983005
78 RQ_d114 7 2.8857921575054157
78 RQ_d4 8 2.818956703978048
78 RQ_d65 9 2.7136667227796036
78 RQ_d277 10 2.694288531501229
78 RQ_d6 11 2.610178865793482
78 RQ_d101 12 2.5932882469064555
78 RQ_d89 13 2.5873405839591666
78 RQ_d78 14 2.5680129838457186
78 RQ_d296 15 2.560879180915355
78 RQ_d144 16 2.5504942397356305
78 RQ_d153 17 2.4951044675456
78 RQ_d80 18 2.489069084633199
78 RQ_d95 19 2.4631342868164863
78 RQ_d280 20 2.460749443798641
78 RQ_d315 21 2.457075562675214
78 RQ_d294 22 2.3951824336604717
78 RQ_d232 23 2.3689903915456982
78 RQ_d230 24 2.3509768863128095
78 RQ_d279 25 2.336905315154082
78 RQ_d228 26 2.303444648321797
78 RQ_d257 27 2.2851065555876366
78 RQ_d99 28 2.2722147023049226
78 RQ_d143 29 2.085427538701692
78 RQ_d168 30 2.0690597963910604
78 RQ_d48 31 1.9919838185402567
78 RQ_d313 32 1.9278393203464772
78 RQ_d300 33 1.8871367430884673
78 RQ_d130 34 1.8828802942912441
78 RQ_d160 35 1.8333292533359933
78 RQ_d100 36 1.7587078936348037
78 RQ_d299 37 1.7306743603822714
78 RQ_d187 38 1.6303942447636994
78 RQ_d302 39 1.5112170267101255
78 RQ_d242 40 1.4519860352516298
78 RQ_d226 41 1.2036975188131769
79 RQ_d250 0 3.210862237054627
79 RQ_d188 1 2.903605862728272
79 RQ_d155 2 2.8709386010804074
79 RQ_d244 3 2.6191714925499037
79 RQ_d298 4 2.3096908015296798
79 RQ_d41 5 2.202070740450073
79 RQ_d96 6 2.174132354094161
79 RQ_d301 7 1.9818257719227559
79 RQ_d300 8 1.8871367430884673
79 RQ_d299 9 1.7306743603822714
79 RQ_d302 10 1.5112170267101255
80 RQ_d303 0 2.6720235121934635
80 RQ_d307 1 2.5276438154165852
80 RQ_d227 2 2.5138708552862
80 RQ_d231 3 2.4333525528794815
80 RQ_d230 4 2.3509768863128095
80 RQ_d305 5 2.3185613494172497
80 RQ_d228 6 2.303444648321797
80 RQ_d309 7 2.2558944054888683
80 RQ_d306 8 2.094339100570417
80 RQ_d304 9 1.8609681250417274
81 RQ_d312 0 3.3939185402437153
81 RQ_d311 1 2.8678885002904555
81 RQ_d310 2 2.827134572789327
81 RQ_d309 3 2.2558944054888683
81 RQ_d308 4 1.8858940822589843
82 RQ_d240 0 4.976769164718892
82 RQ_d314 1 3.709343007829082
82 RQ_d317 2 3.3943491649322657
82 RQ_d112 3 3.0458899004282514
82 RQ_d258 4 2.9249571728700343
82 RQ_d113 5 2.921373968386441
82 RQ_d260 6 2.8985493380983005
82 RQ_d238 7 2.8894142801971077
82 RQ_d114 8 2.8857921575054157
82 RQ_d259 9 2.7726470186624614
82 RQ_d121 10 2.622636046155958
82 RQ_d316 11 2.588560153956214
82 RQ_d115 12 2.5721289999091894
82 RQ_d123 13 2.5138708552862
82 RQ_d116 14 2.4817133584115325
82 RQ_d315 15 2.457075562675214
82 RQ_d257 16 2.2851065555876366
82 RQ_d189 17 2.036632296699211
