1 RQ_d59 0 0.1735771808180365
1 RQ_d171 1 0.1637900796489363
1 RQ_d259 2 0.14921370299786443
1 RQ_d242 3 0.1477020309102098
1 RQ_d35 4 0.14707745171764552
1 RQ_d1 5 0.14332879950610905
1 RQ_d3 6 0.14084456213826943
1 RQ_d80 7 0.104077621228245
1 RQ_d247 8 0.09438399038987863
1 RQ_d63 9 0.09277831980526872
1 RQ_d201 10 0.08772105278253144
1 RQ_d9 11 0.0851630683197134
1 RQ_d250 12 0.07571668718007304
1 RQ_d172 13 0.07512923052764521
1 RQ_d25 14 0.06808618678118115
1 RQ_d2 15 0.052429174495783125
1 RQ_d62 16 0.05109486817052444
1 RQ_d119 17 0.04288678782754591
1 RQ_d60 18 0.03674090231530676
1 RQ_d52 19 0.036339820431966485
1 RQ_d5 20 0.033674139103978165
1 RQ_d51 21 0.03244613754863465
1 RQ_d7 22 0.025973258669769645
1 RQ_d280 23 0.025789471915167193
1 RQ_d213 24 0.02197070186511688
1 RQ_d8 25 0.020325335816348846
1 RQ_d198 26 0.019534540827585097
1 RQ_d6 27 0.01876092067255827
1 RQ_d4 28 0.015054176564386235
2 RQ_d117 0 0.18514557538561174
2 RQ_d59 1 0.1735771808180365
2 RQ_d229 2 0.1577792311490594
2 RQ_d259 3 0.14921370299786443
2 RQ_d242 4 0.1477020309102098
2 RQ_d1 5 0.14332879950610905
2 RQ_d3 6 0.14084456213826943
2 RQ_d236 7 0.13855204910881758
2 RQ_d50 8 0.13190608827287423
2 RQ_d191 9 0.1290605097572429
2 RQ_d168 10 0.12630514957746758
2 RQ_d248 11 0.12384435524462882
2 RQ_d255 12 0.12286622158342335
2 RQ_d170 13 0.12107922398975662
2 RQ_d22 14 0.11899732101372532
2 RQ_d220 15 0.11898902125881676
2 RQ_d149 16 0.10712951656043965
2 RQ_d49 17 0.10483621882688733
2 RQ_d192 18 0.1033849614097353
2 RQ_d61 19 0.09952162922105774
2 RQ_d19 20 0.09723648033777928
2 RQ_d12 21 0.09439431981212394
2 RQ_d247 22 0.09438399038987863
2 RQ_d115 23 0.09325347322855204
2 RQ_d63 24 0.09277831980526872
2 RQ_d161 25 0.0913041550645691
2 RQ_d69 26 0.08909160640104533
2 RQ_d201 27 0.08772105278253144
2 RQ_d9 28 0.0851630683197134
2 RQ_d64 29 0.08438369115287274
2 RQ_d24 30 0.07557337304849743
2 RQ_d279 31 0.07208415608493904
2 RQ_d25 32 0.06808618678118115
2 RQ_d118 33 0.06792791800030666
2 RQ_d124 34 0.06736437973247895
2 RQ_d189 35 0.06101421838886081
2 RQ_d70 36 0.05812621680779913
2 RQ_d286 37 0.05579476660997851
2 RQ_d234 38 0.05296315809090463
2 RQ_d147 39 0.052619608599544135
2 RQ_d2 40 0.052429174495783125
2 RQ_d62 41 0.05109486817052444
2 RQ_d287 42 0.05054951391117819
2 RQ_d150 43 0.0479119234809395
2 RQ_d162 44 0.04624936562166316
2 RQ_d174 45 0.0438597605502446
2 RQ_d119 46 0.04288678782754591
2 RQ_d34 47 0.04170275988275429
2 RQ_d188 48 0.04002100695394397
2 RQ_d47 49 0.03939010862980157
2 RQ_d125 50 0.039189786499851754
2 RQ_d285 51 0.03700742630849992
2 RQ_d60 52 0.03674090231530676
2 RQ_d30 53 0.036643821591187675
2 RQ_d52 54 0.036339820431966485
2 RQ_d44 55 0.03571884786017153
2 RQ_d5 56 0.033674139103978165
2 RQ_d56 57 0.03337208461454462
2 RQ_d134 58 0.03266631872851115
2 RQ_d51 59 0.03244613754863465
2 RQ_d266 60 0.03182447836075182
2 RQ_d48 61 0.031563166236379635
2 RQ_d196 62 0.031079433884613573
2 RQ_d202 63 0.030137922891942125
2 RQ_d18 64 0.02977953570237467
2 RQ_d75 65 0.029778545390709444
2 RQ_d7 66 0.025973258669769645
2 RQ_d280 67 0.025789471915167193
2 RQ_d23 68 0.02495806848920541
2 RQ_d79 69 0.02412852873548216
2 RQ_d193 70 0.022279569698807185
2 RQ_d213 71 0.02197070186511688
2 RQ_d53 72 0.020809004033645134
2 RQ_d8 73 0.020325335816348846
2 RQ_d257 74 0.020279992746237048
2 RQ_d38 75 0.020228245660690092
2 RQ_d26 76 0.01962423476983557
2 RQ_d43 77 0.01959880356627255
2 RQ_d198 78 0.019534540827585097
2 RQ_d99 79 0.01926600037121074
2 RQ_d207 80 0.019065063304874497
2 RQ_d36 81 0.018868868416683764
2 RQ_d6 82 0.01876092067255827
2 RQ_d77 83 0.018184906364056654
2 RQ_d272 84 0.018062260508511285
2 RQ_d46 85 0.017843867548556023
2 RQ_d20 86 0.01671465571231957
2 RQ_d151 87 0.016105591402510458
2 RQ_d54 88 0.015089235483643156
2 RQ_d4 89 0.015054176564386235
2 RQ_d183 90 0.014543913291531794
2 RQ_d105 91 0.013597721425722705
3 RQ_d117 0 0.18514557538561174
3 RQ_d59 1 0.1735771808180365
3 RQ_d259 2 0.14921370299786443
3 RQ_d1 3 0.14332879950610905
3 RQ_d3 4 0.14084456213826943
3 RQ_d236 5 0.13855204910881758
3 RQ_d50 6 0.13190608827287423
3 RQ_d191 7 0.1290605097572429
3 RQ_d168 8 0.12630514957746758
3 RQ_d255 9 0.12286622158342335
3 RQ_d220 10 0.11898902125881676
3 RQ_d149 11 0.10712951656043965
3 RQ_d49 12 0.10483621882688733
3 RQ_d61 13 0.09952162922105774
3 RQ_d19 14 0.09723648033777928
3 RQ_d12 15 0.09439431981212394
3 RQ_d115 16 0.09325347322855204
3 RQ_d63 17 0.09277831980526872
3 RQ_d201 18 0.08772105278253144
3 RQ_d9 19 0.0851630683197134
3 RQ_d279 20 0.07208415608493904
3 RQ_d25 21 0.06808618678118115
3 RQ_d124 22 0.06736437973247895
3 RQ_d234 23 0.05296315809090463
3 RQ_d2 24 0.052429174495783125
3 RQ_d62 25 0.05109486817052444
3 RQ_d287 26 0.05054951391117819
3 RQ_d150 27 0.0479119234809395
3 RQ_d162 28 0.04624936562166316
3 RQ_d119 29 0.04288678782754591
3 RQ_d125 30 0.039189786499851754
3 RQ_d285 31 0.03700742630849992
3 RQ_d60 32 0.03674090231530676
3 RQ_d30 33 0.036643821591187675
3 RQ_d52 34 0.036339820431966485
3 RQ_d5 35 0.033674139103978165
3 RQ_d51 36 0.03244613754863465
3 RQ_d196 37 0.031079433884613573
3 RQ_d202 38 0.030137922891942125
3 RQ_d7 39 0.025973258669769645
3 RQ_d280 40 0.025789471915167193
3 RQ_d193 41 0.022279569698807185
3 RQ_d53 42 0.020809004033645134
3 RQ_d8 43 0.020325335816348846
3 RQ_d26 44 0.01962423476983557
3 RQ_d43 45 0.01959880356627255
3 RQ_d198 46 0.019534540827585097
3 RQ_d207 47 0.019065063304874497
3 RQ_d6 48 0.01876092067255827
3 RQ_d77 49 0.018184906364056654
3 RQ_d272 50 0.018062260508511285
3 RQ_d151 51 0.016105591402510458
3 RQ_d54 52 0.015089235483643156
3 RQ_d4 53 0.015054176564386235
3 RQ_d183 54 0.014543913291531794
4 RQ_d1 0 0.14332879950610905
4 RQ_d3 1 0.14084456213826943
4 RQ_d179 2 0.13442530533503752
4 RQ_d22 3 0.11899732101372532
4 RQ_d14 4 0.09856486365612596
4 RQ_d19 5 0.09723648033777928
4 RQ_d12 6 0.09439431981212394
4 RQ_d63 7 0.09277831980526872
4 RQ_d9 8 0.0851630683197134
4 RQ_d297 9 0.08345761959063915
4 RQ_d24 10 0.07557337304849743
4 RQ_d15 11 0.07433882223200788
4 RQ_d311 12 0.07039263585364769
4 RQ_d16 13 0.057577746367746326
4 RQ_d119 14 0.04288678782754591
4 RQ_d17 15 0.04209969566125615
4 RQ_d284 16 0.041868588985827314
4 RQ_d10 17 0.040063060303019295
4 RQ_d13 18 0.039435395110675356
4 RQ_d47 19 0.03939010862980157
4 RQ_d21 20 0.039111297226727855
4 RQ_d55 21 0.03498173530889477
4 RQ_d5 22 0.033674139103978165
4 RQ_d56 23 0.03337208461454462
4 RQ_d48 24 0.031563166236379635
4 RQ_d18 25 0.02977953570237467
4 RQ_d313 26 0.029621872426346913
4 RQ_d31 27 0.026859431046588285
4 RQ_d33 28 0.026065152047070883
4 RQ_d7 29 0.025973258669769645
4 RQ_d194 30 0.02535393095849294
4 RQ_d23 31 0.02495806848920541
4 RQ_d11 32 0.02462161151567588
4 RQ_d58 33 0.02450834438317718
4 RQ_d79 34 0.02412852873548216
4 RQ_d143 35 0.022596037467162617
4 RQ_d32 36 0.022499458500953928
4 RQ_d78 37 0.020733070707771504
4 RQ_d8 38 0.020325335816348846
4 RQ_d165 39 0.02007400791987007
4 RQ_d6 40 0.01876092067255827
4 RQ_d46 41 0.017843867548556023
4 RQ_d20 42 0.01671465571231957
4 RQ_d151 43 0.016105591402510458
4 RQ_d4 44 0.015054176564386235
5 RQ_d1 0 0.14332879950610905
5 RQ_d3 1 0.14084456213826943
5 RQ_d179 2 0.13442530533503752
5 RQ_d22 3 0.11899732101372532
5 RQ_d14 4 0.09856486365612596
5 RQ_d19 5 0.09723648033777928
5 RQ_d12 6 0.09439431981212394
5 RQ_d63 7 0.09277831980526872
5 RQ_d9 8 0.0851630683197134
5 RQ_d297 9 0.08345761959063915
5 RQ_d24 10 0.07557337304849743
5 RQ_d15 11 0.07433882223200788
5 RQ_d311 12 0.07039263585364769
5 RQ_d16 13 0.057577746367746326
5 RQ_d119 14 0.04288678782754591
5 RQ_d17 15 0.04209969566125615
5 RQ_d284 16 0.041868588985827314
5 RQ_d10 17 0.040063060303019295
5 RQ_d13 18 0.039435395110675356
5 RQ_d47 19 0.03939010862980157
5 RQ_d21 20 0.039111297226727855
5 RQ_d55 21 0.03498173530889477
5 RQ_d5 22 0.033674139103978165
5 RQ_d56 23 0.03337208461454462
5 RQ_d48 24 0.031563166236379635
5 RQ_d18 25 0.02977953570237467
5 RQ_d313 26 0.029621872426346913
5 RQ_d31 27 0.026859431046588285
5 RQ_d33 28 0.026065152047070883
5 RQ_d7 29 0.025973258669769645
5 RQ_d194 30 0.02535393095849294
5 RQ_d23 31 0.02495806848920541
5 RQ_d11 32 0.02462161151567588
5 RQ_d58 33 0.02450834438317718
5 RQ_d79 34 0.02412852873548216
5 RQ_d143 35 0.022596037467162617
5 RQ_d32 36 0.022499458500953928
5 RQ_d78 37 0.020733070707771504
5 RQ_d8 38 0.020325335816348846
5 RQ_d165 39 0.02007400791987007
5 RQ_d6 40 0.01876092067255827
5 RQ_d46 41 0.017843867548556023
5 RQ_d20 42 0.01671465571231957
5 RQ_d151 43 0.016105591402510458
5 RQ_d4 44 0.015054176564386235
6 RQ_d22 0 0.11899732101372532
6 RQ_d14 1 0.09856486365612596
6 RQ_d19 2 0.09723648033777928
6 RQ_d12 3 0.09439431981212394
6 RQ_d24 4 0.07557337304849743
6 RQ_d15 5 0.07433882223200788
6 RQ_d311 6 0.07039263585364769
6 RQ_d16 7 0.057577746367746326
6 RQ_d17 8 0.04209969566125615
6 RQ_d10 9 0.040063060303019295
6 RQ_d13 10 0.039435395110675356
6 RQ_d47 11 0.03939010862980157
6 RQ_d21 12 0.039111297226727855
6 RQ_d55 13 0.03498173530889477
6 RQ_d56 14 0.03337208461454462
6 RQ_d48 15 0.031563166236379635
6 RQ_d18 16 0.02977953570237467
6 RQ_d31 17 0.026859431046588285
6 RQ_d33 18 0.026065152047070883
6 RQ_d23 19 0.02495806848920541
6 RQ_d11 20 0.02462161151567588
6 RQ_d58 21 0.02450834438317718
6 RQ_d79 22 0.02412852873548216
6 RQ_d32 23 0.022499458500953928
6 RQ_d78 24 0.020733070707771504
6 RQ_d46 25 0.017843867548556023
6 RQ_d20 26 0.01671465571231957
7 RQ_d180 0 0.13912788610437343
7 RQ_d179 1 0.13442530533503752
7 RQ_d191 2 0.1290605097572429
7 RQ_d128 3 0.12021697754276985
7 RQ_d22 4 0.11899732101372532
7 RQ_d57 5 0.11102873387124913
7 RQ_d61 6 0.09952162922105774
7 RQ_d14 7 0.09856486365612596
7 RQ_d19 8 0.09723648033777928
7 RQ_d12 9 0.09439431981212394
7 RQ_d9 10 0.0851630683197134
7 RQ_d24 11 0.07557337304849743
7 RQ_d15 12 0.07433882223200788
7 RQ_d311 13 0.07039263585364769
7 RQ_d181 14 0.0684011398442658
7 RQ_d25 15 0.06808618678118115
7 RQ_d16 16 0.057577746367746326
7 RQ_d221 17 0.05397914995234072
7 RQ_d62 18 0.05109486817052444
7 RQ_d107 19 0.04540113444262425
7 RQ_d17 20 0.04209969566125615
7 RQ_d10 21 0.040063060303019295
7 RQ_d13 22 0.039435395110675356
7 RQ_d47 23 0.03939010862980157
7 RQ_d21 24 0.039111297226727855
7 RQ_d60 25 0.03674090231530676
7 RQ_d52 26 0.036339820431966485
7 RQ_d55 27 0.03498173530889477
7 RQ_d56 28 0.03337208461454462
7 RQ_d51 29 0.03244613754863465
7 RQ_d48 30 0.031563166236379635
7 RQ_d202 31 0.030137922891942125
7 RQ_d18 32 0.02977953570237467
7 RQ_d29 33 0.028921241070509144
7 RQ_d31 34 0.026859431046588285
7 RQ_d33 35 0.026065152047070883
7 RQ_d7 36 0.025973258669769645
7 RQ_d23 37 0.02495806848920541
7 RQ_d11 38 0.02462161151567588
7 RQ_d58 39 0.02450834438317718
7 RQ_d79 40 0.02412852873548216
7 RQ_d32 41 0.022499458500953928
7 RQ_d78 42 0.020733070707771504
7 RQ_d195 43 0.020400284489481075
7 RQ_d8 44 0.020325335816348846
7 RQ_d38 45 0.020228245660690092
7 RQ_d6 46 0.01876092067255827
7 RQ_d46 47 0.017843867548556023
7 RQ_d20 48 0.01671465571231957
7 RQ_d4 49 0.015054176564386235
7 RQ_d312 50 0.014728998769146646
7 RQ_d105 51 0.013597721425722705
8 RQ_d59 0 0.1735771808180365
8 RQ_d171 1 0.1637900796489363
8 RQ_d259 2 0.14921370299786443
8 RQ_d242 3 0.1477020309102098
8 RQ_d35 4 0.14707745171764552
8 RQ_d1 5 0.14332879950610905
8 RQ_d3 6 0.14084456213826943
8 RQ_d50 7 0.13190608827287423
8 RQ_d49 8 0.10483621882688733
8 RQ_d80 9 0.104077621228245
8 RQ_d61 10 0.09952162922105774
8 RQ_d247 11 0.09438399038987863
8 RQ_d115 12 0.09325347322855204
8 RQ_d63 13 0.09277831980526872
8 RQ_d201 14 0.08772105278253144
8 RQ_d9 15 0.0851630683197134
8 RQ_d250 16 0.07571668718007304
8 RQ_d172 17 0.07512923052764521
8 RQ_d25 18 0.06808618678118115
8 RQ_d2 19 0.052429174495783125
8 RQ_d62 20 0.05109486817052444
8 RQ_d119 21 0.04288678782754591
8 RQ_d60 22 0.03674090231530676
8 RQ_d52 23 0.036339820431966485
8 RQ_d5 24 0.033674139103978165
8 RQ_d51 25 0.03244613754863465
8 RQ_d7 26 0.025973258669769645
8 RQ_d280 27 0.025789471915167193
8 RQ_d213 28 0.02197070186511688
8 RQ_d8 29 0.020325335816348846
8 RQ_d198 30 0.019534540827585097
8 RQ_d6 31 0.01876092067255827
8 RQ_d4 32 0.015054176564386235
9 RQ_d259 0 0.14921370299786443
9 RQ_d204 1 0.13992347042898098
9 RQ_d128 2 0.12021697754276985
9 RQ_d241 3 0.07687647229529992
9 RQ_d25 4 0.06808618678118115
9 RQ_d2 5 0.052429174495783125
9 RQ_d30 6 0.036643821591187675
9 RQ_d254 7 0.03351506675592389
9 RQ_d185 8 0.03282972958481308
9 RQ_d29 9 0.028921241070509144
9 RQ_d213 10 0.02197070186511688
9 RQ_d53 11 0.020809004033645134
9 RQ_d26 12 0.01962423476983557
9 RQ_d43 13 0.01959880356627255
9 RQ_d28 14 0.016491118790628916
9 RQ_d27 15 0.015545638062910873
9 RQ_d54 16 0.015089235483643156
10 RQ_d22 0 0.11899732101372532
10 RQ_d14 1 0.09856486365612596
10 RQ_d19 2 0.09723648033777928
10 RQ_d12 3 0.09439431981212394
10 RQ_d24 4 0.07557337304849743
10 RQ_d15 5 0.07433882223200788
10 RQ_d311 6 0.07039263585364769
10 RQ_d16 7 0.057577746367746326
10 RQ_d17 8 0.04209969566125615
10 RQ_d10 9 0.040063060303019295
10 RQ_d13 10 0.039435395110675356
10 RQ_d47 11 0.03939010862980157
10 RQ_d21 12 0.039111297226727855
10 RQ_d55 13 0.03498173530889477
10 RQ_d268 14 0.034870114923222235
10 RQ_d56 15 0.03337208461454462
10 RQ_d48 16 0.031563166236379635
10 RQ_d199 17 0.031243499289768537
10 RQ_d18 18 0.02977953570237467
10 RQ_d31 19 0.026859431046588285
10 RQ_d33 20 0.026065152047070883
10 RQ_d23 21 0.02495806848920541
10 RQ_d11 22 0.02462161151567588
10 RQ_d58 23 0.02450834438317718
10 RQ_d79 24 0.02412852873548216
10 RQ_d32 25 0.022499458500953928
10 RQ_d269 26 0.021643280306590067
10 RQ_d78 27 0.020733070707771504
10 RQ_d46 28 0.017843867548556023
10 RQ_d20 29 0.01671465571231957
10 RQ_d186 30 0.014050086362858203
11 RQ_d83 0 0.20454723336449496
11 RQ_d81 1 0.1644266708504228
11 RQ_d85 2 0.15972110216931984
11 RQ_d39 3 0.15065862996559073
11 RQ_d1 4 0.14332879950610905
11 RQ_d3 5 0.14084456213826943
11 RQ_d22 6 0.11899732101372532
11 RQ_d87 7 0.11220354154286052
11 RQ_d66 8 0.11071065708222622
11 RQ_d80 9 0.104077621228245
11 RQ_d82 10 0.10305998073367481
11 RQ_d14 11 0.09856486365612596
11 RQ_d19 12 0.09723648033777928
11 RQ_d205 13 0.09579486572678467
11 RQ_d12 14 0.09439431981212394
11 RQ_d63 15 0.09277831980526872
11 RQ_d9 16 0.0851630683197134
11 RQ_d24 17 0.07557337304849743
11 RQ_d15 18 0.07433882223200788
11 RQ_d311 19 0.07039263585364769
11 RQ_d76 20 0.0669359614745626
11 RQ_d211 21 0.06482657121932049
11 RQ_d72 22 0.05942367976649554
11 RQ_d274 23 0.0593543277690028
11 RQ_d16 24 0.057577746367746326
11 RQ_d2 25 0.052429174495783125
11 RQ_d40 26 0.05188872086444881
11 RQ_d42 27 0.051698977149391534
11 RQ_d37 28 0.04843823357538646
11 RQ_d86 29 0.047017575845535946
11 RQ_d273 30 0.045960719009022794
11 RQ_d203 31 0.04557073238894893
11 RQ_d17 32 0.04209969566125615
11 RQ_d139 33 0.041729330416309295
11 RQ_d10 34 0.040063060303019295
11 RQ_d210 35 0.039659997796348566
11 RQ_d13 36 0.039435395110675356
11 RQ_d47 37 0.03939010862980157
11 RQ_d21 38 0.039111297226727855
11 RQ_d41 39 0.037092325255982765
11 RQ_d55 40 0.03498173530889477
11 RQ_d268 41 0.034870114923222235
11 RQ_d74 42 0.03422037238282154
11 RQ_d5 43 0.033674139103978165
11 RQ_d56 44 0.03337208461454462
11 RQ_d48 45 0.031563166236379635
11 RQ_d88 46 0.03012982497198248
11 RQ_d154 47 0.030112555822848882
11 RQ_d18 48 0.02977953570237467
11 RQ_d84 49 0.029030262123848936
11 RQ_d31 50 0.026859431046588285
11 RQ_d33 51 0.026065152047070883
11 RQ_d7 52 0.025973258669769645
11 RQ_d11 53 0.02462161151567588
11 RQ_d58 54 0.02450834438317718
11 RQ_d79 55 0.02412852873548216
11 RQ_d32 56 0.022499458500953928
11 RQ_d269 57 0.021643280306590067
11 RQ_d78 58 0.020733070707771504
11 RQ_d8 59 0.020325335816348846
11 RQ_d43 60 0.01959880356627255
11 RQ_d6 61 0.01876092067255827
11 RQ_d46 62 0.017843867548556023
11 RQ_d20 63 0.01671465571231957
11 RQ_d4 64 0.015054176564386235
12 RQ_d90 0 0.1724535750889792
12 RQ_d91 1 0.17232290676579154
12 RQ_d259 2 0.14921370299786443
12 RQ_d240 3 0.147646920537617
12 RQ_d35 4 0.14707745171764552
12 RQ_d87 5 0.11220354154286052
12 RQ_d260 6 0.10748267867703058
12 RQ_d64 7 0.08438369115287274
12 RQ_d241 8 0.07687647229529992
12 RQ_d70 9 0.05812621680779913
12 RQ_d45 10 0.0565132763924125
12 RQ_d239 11 0.052120306662092816
12 RQ_d37 12 0.04843823357538646
12 RQ_d34 13 0.04170275988275429
12 RQ_d44 14 0.03571884786017153
12 RQ_d89 15 0.03561819824144179
12 RQ_d38 16 0.020228245660690092
12 RQ_d36 17 0.018868868416683764
13 RQ_d83 0 0.20454723336449496
13 RQ_d81 1 0.1644266708504228
13 RQ_d85 2 0.15972110216931984
13 RQ_d39 3 0.15065862996559073
13 RQ_d1 4 0.14332879950610905
13 RQ_d3 5 0.14084456213826943
13 RQ_d248 6 0.12384435524462882
13 RQ_d22 7 0.11899732101372532
13 RQ_d87 8 0.11220354154286052
13 RQ_d66 9 0.11071065708222622
13 RQ_d80 10 0.104077621228245
13 RQ_d82 11 0.10305998073367481
13 RQ_d14 12 0.09856486365612596
13 RQ_d19 13 0.09723648033777928
13 RQ_d205 14 0.09579486572678467
13 RQ_d12 15 0.09439431981212394
13 RQ_d98 16 0.09435177225036998
13 RQ_d63 17 0.09277831980526872
13 RQ_d69 18 0.08909160640104533
13 RQ_d251 19 0.08725880925074682
13 RQ_d9 20 0.0851630683197134
13 RQ_d64 21 0.08438369115287274
13 RQ_d250 22 0.07571668718007304
13 RQ_d15 23 0.07433882223200788
13 RQ_d311 24 0.07039263585364769
13 RQ_d76 25 0.0669359614745626
13 RQ_d211 26 0.06482657121932049
13 RQ_d72 27 0.05942367976649554
13 RQ_d274 28 0.0593543277690028
13 RQ_d102 29 0.059238712183126575
13 RQ_d16 30 0.057577746367746326
13 RQ_d45 31 0.0565132763924125
13 RQ_d2 32 0.052429174495783125
13 RQ_d40 33 0.05188872086444881
13 RQ_d42 34 0.051698977149391534
13 RQ_d37 35 0.04843823357538646
13 RQ_d86 36 0.047017575845535946
13 RQ_d273 37 0.045960719009022794
13 RQ_d203 38 0.04557073238894893
13 RQ_d17 39 0.04209969566125615
13 RQ_d139 40 0.041729330416309295
13 RQ_d34 41 0.04170275988275429
13 RQ_d10 42 0.040063060303019295
13 RQ_d210 43 0.039659997796348566
13 RQ_d13 44 0.039435395110675356
13 RQ_d47 45 0.03939010862980157
13 RQ_d21 46 0.039111297226727855
13 RQ_d41 47 0.037092325255982765
13 RQ_d44 48 0.03571884786017153
13 RQ_d89 49 0.03561819824144179
13 RQ_d55 50 0.03498173530889477
13 RQ_d268 51 0.034870114923222235
13 RQ_d74 52 0.03422037238282154
13 RQ_d5 53 0.033674139103978165
13 RQ_d68 54 0.033476242766031165
13 RQ_d56 55 0.03337208461454462
13 RQ_d88 56 0.03012982497198248
13 RQ_d154 57 0.030112555822848882
13 RQ_d18 58 0.02977953570237467
13 RQ_d84 59 0.029030262123848936
13 RQ_d31 60 0.026859431046588285
13 RQ_d33 61 0.026065152047070883
13 RQ_d7 62 0.025973258669769645
13 RQ_d280 63 0.025789471915167193
13 RQ_d11 64 0.02462161151567588
13 RQ_d58 65 0.02450834438317718
13 RQ_d79 66 0.02412852873548216
13 RQ_d32 67 0.022499458500953928
13 RQ_d269 68 0.021643280306590067
13 RQ_d78 69 0.020733070707771504
13 RQ_d8 70 0.020325335816348846
13 RQ_d43 71 0.01959880356627255
13 RQ_d36 72 0.018868868416683764
13 RQ_d6 73 0.01876092067255827
13 RQ_d46 74 0.017843867548556023
13 RQ_d20 75 0.01671465571231957
13 RQ_d4 76 0.015054176564386235
14 RQ_d83 0 0.20454723336449496
14 RQ_d90 1 0.1724535750889792
14 RQ_d91 2 0.17232290676579154
14 RQ_d81 3 0.1644266708504228
14 RQ_d85 4 0.15972110216931984
14 RQ_d39 5 0.15065862996559073
14 RQ_d259 6 0.14921370299786443
14 RQ_d240 7 0.147646920537617
14 RQ_d35 8 0.14707745171764552
14 RQ_d248 9 0.12384435524462882
14 RQ_d87 10 0.11220354154286052
14 RQ_d66 11 0.11071065708222622
14 RQ_d260 12 0.10748267867703058
14 RQ_d80 13 0.104077621228245
14 RQ_d82 14 0.10305998073367481
14 RQ_d19 15 0.09723648033777928
14 RQ_d12 16 0.09439431981212394
14 RQ_d98 17 0.09435177225036998
14 RQ_d251 18 0.08725880925074682
14 RQ_d64 19 0.08438369115287274
14 RQ_d241 20 0.07687647229529992
14 RQ_d250 21 0.07571668718007304
14 RQ_d311 22 0.07039263585364769
14 RQ_d102 23 0.059238712183126575
14 RQ_d70 24 0.05812621680779913
14 RQ_d45 25 0.0565132763924125
14 RQ_d239 26 0.052120306662092816
14 RQ_d40 27 0.05188872086444881
14 RQ_d42 28 0.051698977149391534
14 RQ_d37 29 0.04843823357538646
14 RQ_d86 30 0.047017575845535946
14 RQ_d17 31 0.04209969566125615
14 RQ_d139 32 0.041729330416309295
14 RQ_d34 33 0.04170275988275429
14 RQ_d41 34 0.037092325255982765
14 RQ_d44 35 0.03571884786017153
14 RQ_d89 36 0.03561819824144179
14 RQ_d88 37 0.03012982497198248
14 RQ_d31 38 0.026859431046588285
14 RQ_d7 39 0.025973258669769645
14 RQ_d280 40 0.025789471915167193
14 RQ_d11 41 0.02462161151567588
14 RQ_d32 42 0.022499458500953928
14 RQ_d38 43 0.020228245660690092
14 RQ_d43 44 0.01959880356627255
14 RQ_d207 45 0.019065063304874497
14 RQ_d36 46 0.018868868416683764
14 RQ_d105 47 0.013597721425722705
15 RQ_d180 0 0.13912788610437343
15 RQ_d179 1 0.13442530533503752
15 RQ_d191 2 0.1290605097572429
15 RQ_d128 3 0.12021697754276985
15 RQ_d22 4 0.11899732101372532
15 RQ_d14 5 0.09856486365612596
15 RQ_d19 6 0.09723648033777928
15 RQ_d12 7 0.09439431981212394
15 RQ_d24 8 0.07557337304849743
15 RQ_d15 9 0.07433882223200788
15 RQ_d311 10 0.07039263585364769
15 RQ_d181 11 0.0684011398442658
15 RQ_d25 12 0.06808618678118115
15 RQ_d16 13 0.057577746367746326
15 RQ_d221 14 0.05397914995234072
15 RQ_d107 15 0.04540113444262425
15 RQ_d17 16 0.04209969566125615
15 RQ_d10 17 0.040063060303019295
15 RQ_d13 18 0.039435395110675356
15 RQ_d47 19 0.03939010862980157
15 RQ_d21 20 0.039111297226727855
15 RQ_d55 21 0.03498173530889477
15 RQ_d56 22 0.03337208461454462
15 RQ_d48 23 0.031563166236379635
15 RQ_d202 24 0.030137922891942125
15 RQ_d18 25 0.02977953570237467
15 RQ_d29 26 0.028921241070509144
15 RQ_d31 27 0.026859431046588285
15 RQ_d33 28 0.026065152047070883
15 RQ_d23 29 0.02495806848920541
15 RQ_d11 30 0.02462161151567588
15 RQ_d58 31 0.02450834438317718
15 RQ_d79 32 0.02412852873548216
15 RQ_d32 33 0.022499458500953928
15 RQ_d78 34 0.020733070707771504
15 RQ_d195 35 0.020400284489481075
15 RQ_d38 36 0.020228245660690092
15 RQ_d46 37 0.017843867548556023
15 RQ_d20 38 0.01671465571231957
15 RQ_d312 39 0.014728998769146646
16 RQ_d59 0 0.1735771808180365
16 RQ_d171 1 0.1637900796489363
16 RQ_d229 2 0.1577792311490594
16 RQ_d259 3 0.14921370299786443
16 RQ_d242 4 0.1477020309102098
16 RQ_d35 5 0.14707745171764552
16 RQ_d1 6 0.14332879950610905
16 RQ_d3 7 0.14084456213826943
16 RQ_d236 8 0.13855204910881758
16 RQ_d50 9 0.13190608827287423
16 RQ_d191 10 0.1290605097572429
16 RQ_d248 11 0.12384435524462882
16 RQ_d170 12 0.12107922398975662
16 RQ_d22 13 0.11899732101372532
16 RQ_d49 14 0.10483621882688733
16 RQ_d80 15 0.104077621228245
16 RQ_d192 16 0.1033849614097353
16 RQ_d61 17 0.09952162922105774
16 RQ_d247 18 0.09438399038987863
16 RQ_d115 19 0.09325347322855204
16 RQ_d63 20 0.09277831980526872
16 RQ_d161 21 0.0913041550645691
16 RQ_d69 22 0.08909160640104533
16 RQ_d201 23 0.08772105278253144
16 RQ_d9 24 0.0851630683197134
16 RQ_d64 25 0.08438369115287274
16 RQ_d250 26 0.07571668718007304
16 RQ_d24 27 0.07557337304849743
16 RQ_d172 28 0.07512923052764521
16 RQ_d25 29 0.06808618678118115
16 RQ_d118 30 0.06792791800030666
16 RQ_d189 31 0.06101421838886081
16 RQ_d70 32 0.05812621680779913
16 RQ_d286 33 0.05579476660997851
16 RQ_d147 34 0.052619608599544135
16 RQ_d2 35 0.052429174495783125
16 RQ_d62 36 0.05109486817052444
16 RQ_d174 37 0.0438597605502446
16 RQ_d119 38 0.04288678782754591
16 RQ_d34 39 0.04170275988275429
16 RQ_d188 40 0.04002100695394397
16 RQ_d47 41 0.03939010862980157
16 RQ_d60 42 0.03674090231530676
16 RQ_d52 43 0.036339820431966485
16 RQ_d44 44 0.03571884786017153
16 RQ_d5 45 0.033674139103978165
16 RQ_d56 46 0.03337208461454462
16 RQ_d134 47 0.03266631872851115
16 RQ_d51 48 0.03244613754863465
16 RQ_d266 49 0.03182447836075182
16 RQ_d48 50 0.031563166236379635
16 RQ_d18 51 0.02977953570237467
16 RQ_d75 52 0.029778545390709444
16 RQ_d7 53 0.025973258669769645
16 RQ_d280 54 0.025789471915167193
16 RQ_d23 55 0.02495806848920541
16 RQ_d79 56 0.02412852873548216
16 RQ_d213 57 0.02197070186511688
16 RQ_d8 58 0.020325335816348846
16 RQ_d257 59 0.020279992746237048
16 RQ_d38 60 0.020228245660690092
16 RQ_d198 61 0.019534540827585097
16 RQ_d99 62 0.01926600037121074
16 RQ_d36 63 0.018868868416683764
16 RQ_d6 64 0.01876092067255827
16 RQ_d46 65 0.017843867548556023
16 RQ_d20 66 0.01671465571231957
16 RQ_d4 67 0.015054176564386235
16 RQ_d105 68 0.013597721425722705
17 RQ_d59 0 0.1735771808180365
17 RQ_d171 1 0.1637900796489363
17 RQ_d259 2 0.14921370299786443
17 RQ_d242 3 0.1477020309102098
17 RQ_d35 4 0.14707745171764552
17 RQ_d1 5 0.14332879950610905
17 RQ_d3 6 0.14084456213826943
17 RQ_d80 7 0.104077621228245
17 RQ_d247 8 0.09438399038987863
17 RQ_d63 9 0.09277831980526872
17 RQ_d201 10 0.08772105278253144
17 RQ_d9 11 0.0851630683197134
17 RQ_d250 12 0.07571668718007304
17 RQ_d172 13 0.07512923052764521
17 RQ_d25 14 0.06808618678118115
17 RQ_d2 15 0.052429174495783125
17 RQ_d62 16 0.05109486817052444
17 RQ_d119 17 0.04288678782754591
17 RQ_d60 18 0.03674090231530676
17 RQ_d52 19 0.036339820431966485
17 RQ_d5 20 0.033674139103978165
17 RQ_d51 21 0.03244613754863465
17 RQ_d7 22 0.025973258669769645
17 RQ_d280 23 0.025789471915167193
17 RQ_d213 24 0.02197070186511688
17 RQ_d8 25 0.020325335816348846
17 RQ_d198 26 0.019534540827585097
17 RQ_d6 27 0.01876092067255827
17 RQ_d4 28 0.015054176564386235
18 RQ_d259 0 0.14921370299786443
18 RQ_d204 1 0.13992347042898098
18 RQ_d128 2 0.12021697754276985
18 RQ_d98 3 0.09435177225036998
18 RQ_d241 4 0.07687647229529992
18 RQ_d103 5 0.06829555187136545
18 RQ_d25 6 0.06808618678118115
18 RQ_d102 7 0.059238712183126575
18 RQ_d2 8 0.052429174495783125
18 RQ_d97 9 0.04707284844061107
18 RQ_d95 10 0.03747859962204297
18 RQ_d30 11 0.036643821591187675
18 RQ_d101 12 0.03602256607320266
18 RQ_d96 13 0.03406426531083914
18 RQ_d254 14 0.03351506675592389
18 RQ_d185 15 0.03282972958481308
18 RQ_d29 16 0.028921241070509144
18 RQ_d213 17 0.02197070186511688
18 RQ_d53 18 0.020809004033645134
18 RQ_d26 19 0.01962423476983557
18 RQ_d43 20 0.01959880356627255
18 RQ_d99 21 0.01926600037121074
18 RQ_d28 22 0.016491118790628916
18 RQ_d27 23 0.015545638062910873
18 RQ_d54 24 0.015089235483643156
19 RQ_d22 0 0.11899732101372532
19 RQ_d14 1 0.09856486365612596
19 RQ_d19 2 0.09723648033777928
19 RQ_d12 3 0.09439431981212394
19 RQ_d69 4 0.08909160640104533
19 RQ_d9 5 0.0851630683197134
19 RQ_d24 6 0.07557337304849743
19 RQ_d15 7 0.07433882223200788
19 RQ_d76 8 0.0669359614745626
19 RQ_d138 9 0.05992483783095369
19 RQ_d72 10 0.05942367976649554
19 RQ_d16 11 0.057577746367746326
19 RQ_d42 12 0.051698977149391534
19 RQ_d174 13 0.0438597605502446
19 RQ_d17 14 0.04209969566125615
19 RQ_d284 15 0.041868588985827314
19 RQ_d34 16 0.04170275988275429
19 RQ_d10 17 0.040063060303019295
19 RQ_d13 18 0.039435395110675356
19 RQ_d47 19 0.03939010862980157
19 RQ_d21 20 0.039111297226727855
19 RQ_d95 21 0.03747859962204297
19 RQ_d55 22 0.03498173530889477
19 RQ_d56 23 0.03337208461454462
19 RQ_d48 24 0.031563166236379635
19 RQ_d18 25 0.02977953570237467
19 RQ_d31 26 0.026859431046588285
19 RQ_d206 27 0.026736192890351694
19 RQ_d33 28 0.026065152047070883
19 RQ_d7 29 0.025973258669769645
19 RQ_d23 30 0.02495806848920541
19 RQ_d11 31 0.02462161151567588
19 RQ_d58 32 0.02450834438317718
19 RQ_d79 33 0.02412852873548216
19 RQ_d32 34 0.022499458500953928
19 RQ_d78 35 0.020733070707771504
19 RQ_d38 36 0.020228245660690092
19 RQ_d36 37 0.018868868416683764
19 RQ_d6 38 0.01876092067255827
19 RQ_d272 39 0.018062260508511285
19 RQ_d46 40 0.017843867548556023
19 RQ_d20 41 0.01671465571231957
19 RQ_d27 42 0.015545638062910873
20 RQ_d180 0 0.13912788610437343
20 RQ_d179 1 0.13442530533503752
20 RQ_d191 2 0.1290605097572429
20 RQ_d128 3 0.12021697754276985
20 RQ_d22 4 0.11899732101372532
20 RQ_d14 5 0.09856486365612596
20 RQ_d19 6 0.09723648033777928
20 RQ_d12 7 0.09439431981212394
20 RQ_d24 8 0.07557337304849743
20 RQ_d15 9 0.07433882223200788
20 RQ_d311 10 0.07039263585364769
20 RQ_d181 11 0.0684011398442658
20 RQ_d25 12 0.06808618678118115
20 RQ_d16 13 0.057577746367746326
20 RQ_d221 14 0.05397914995234072
20 RQ_d107 15 0.04540113444262425
20 RQ_d17 16 0.04209969566125615
20 RQ_d10 17 0.040063060303019295
20 RQ_d13 18 0.039435395110675356
20 RQ_d47 19 0.03939010862980157
20 RQ_d21 20 0.039111297226727855
20 RQ_d55 21 0.03498173530889477
20 RQ_d56 22 0.03337208461454462
20 RQ_d48 23 0.031563166236379635
20 RQ_d202 24 0.030137922891942125
20 RQ_d18 25 0.02977953570237467
20 RQ_d29 26 0.028921241070509144
20 RQ_d31 27 0.026859431046588285
20 RQ_d33 28 0.026065152047070883
20 RQ_d23 29 0.02495806848920541
20 RQ_d11 30 0.02462161151567588
20 RQ_d58 31 0.02450834438317718
20 RQ_d79 32 0.02412852873548216
20 RQ_d32 33 0.022499458500953928
20 RQ_d78 34 0.020733070707771504
20 RQ_d195 35 0.020400284489481075
20 RQ_d38 36 0.020228245660690092
20 RQ_d46 37 0.017843867548556023
20 RQ_d20 38 0.01671465571231957
20 RQ_d312 39 0.014728998769146646
21 RQ_d59 0 0.1735771808180365
21 RQ_d171 1 0.1637900796489363
21 RQ_d229 2 0.1577792311490594
21 RQ_d259 3 0.14921370299786443
21 RQ_d242 4 0.1477020309102098
21 RQ_d35 5 0.14707745171764552
21 RQ_d1 6 0.14332879950610905
21 RQ_d3 7 0.14084456213826943
21 RQ_d236 8 0.13855204910881758
21 RQ_d50 9 0.13190608827287423
21 RQ_d191 10 0.1290605097572429
21 RQ_d248 11 0.12384435524462882
21 RQ_d170 12 0.12107922398975662
21 RQ_d22 13 0.11899732101372532
21 RQ_d49 14 0.10483621882688733
21 RQ_d80 15 0.104077621228245
21 RQ_d192 16 0.1033849614097353
21 RQ_d61 17 0.09952162922105774
21 RQ_d247 18 0.09438399038987863
21 RQ_d115 19 0.09325347322855204
21 RQ_d63 20 0.09277831980526872
21 RQ_d161 21 0.0913041550645691
21 RQ_d69 22 0.08909160640104533
21 RQ_d201 23 0.08772105278253144
21 RQ_d9 24 0.0851630683197134
21 RQ_d64 25 0.08438369115287274
21 RQ_d250 26 0.07571668718007304
21 RQ_d24 27 0.07557337304849743
21 RQ_d172 28 0.07512923052764521
21 RQ_d25 29 0.06808618678118115
21 RQ_d118 30 0.06792791800030666
21 RQ_d189 31 0.06101421838886081
21 RQ_d70 32 0.05812621680779913
21 RQ_d286 33 0.05579476660997851
21 RQ_d147 34 0.052619608599544135
21 RQ_d2 35 0.052429174495783125
21 RQ_d62 36 0.05109486817052444
21 RQ_d174 37 0.0438597605502446
21 RQ_d119 38 0.04288678782754591
21 RQ_d34 39 0.04170275988275429
21 RQ_d188 40 0.04002100695394397
21 RQ_d47 41 0.03939010862980157
21 RQ_d60 42 0.03674090231530676
21 RQ_d52 43 0.036339820431966485
21 RQ_d44 44 0.03571884786017153
21 RQ_d5 45 0.033674139103978165
21 RQ_d56 46 0.03337208461454462
21 RQ_d134 47 0.03266631872851115
21 RQ_d51 48 0.03244613754863465
21 RQ_d266 49 0.03182447836075182
21 RQ_d48 50 0.031563166236379635
21 RQ_d18 51 0.02977953570237467
21 RQ_d75 52 0.029778545390709444
21 RQ_d7 53 0.025973258669769645
21 RQ_d280 54 0.025789471915167193
21 RQ_d23 55 0.02495806848920541
21 RQ_d79 56 0.02412852873548216
21 RQ_d213 57 0.02197070186511688
21 RQ_d8 58 0.020325335816348846
21 RQ_d257 59 0.020279992746237048
21 RQ_d38 60 0.020228245660690092
21 RQ_d198 61 0.019534540827585097
21 RQ_d99 62 0.01926600037121074
21 RQ_d36 63 0.018868868416683764
21 RQ_d6 64 0.01876092067255827
21 RQ_d46 65 0.017843867548556023
21 RQ_d20 66 0.01671465571231957
21 RQ_d4 67 0.015054176564386235
21 RQ_d105 68 0.013597721425722705
22 RQ_d59 0 0.1735771808180365
22 RQ_d259 1 0.14921370299786443
22 RQ_d242 2 0.1477020309102098
22 RQ_d35 3 0.14707745171764552
22 RQ_d1 4 0.14332879950610905
22 RQ_d3 5 0.14084456213826943
22 RQ_d50 6 0.13190608827287423
22 RQ_d49 7 0.10483621882688733
22 RQ_d80 8 0.104077621228245
22 RQ_d61 9 0.09952162922105774
22 RQ_d247 10 0.09438399038987863
22 RQ_d115 11 0.09325347322855204
22 RQ_d63 12 0.09277831980526872
22 RQ_d201 13 0.08772105278253144
22 RQ_d9 14 0.0851630683197134
22 RQ_d250 15 0.07571668718007304
22 RQ_d172 16 0.07512923052764521
22 RQ_d25 17 0.06808618678118115
22 RQ_d2 18 0.052429174495783125
22 RQ_d62 19 0.05109486817052444
22 RQ_d119 20 0.04288678782754591
22 RQ_d60 21 0.03674090231530676
22 RQ_d52 22 0.036339820431966485
22 RQ_d5 23 0.033674139103978165
22 RQ_d51 24 0.03244613754863465
22 RQ_d7 25 0.025973258669769645
22 RQ_d280 26 0.025789471915167193
22 RQ_d213 27 0.02197070186511688
22 RQ_d8 28 0.020325335816348846
22 RQ_d198 29 0.019534540827585097
22 RQ_d6 30 0.01876092067255827
22 RQ_d4 31 0.015054176564386235
23 RQ_d90 0 0.1724535750889792
23 RQ_d91 1 0.17232290676579154
23 RQ_d259 2 0.14921370299786443
23 RQ_d240 3 0.147646920537617
23 RQ_d35 4 0.14707745171764552
23 RQ_d87 5 0.11220354154286052
23 RQ_d260 6 0.10748267867703058
23 RQ_d64 7 0.08438369115287274
23 RQ_d241 8 0.07687647229529992
23 RQ_d70 9 0.05812621680779913
23 RQ_d45 10 0.0565132763924125
23 RQ_d239 11 0.052120306662092816
23 RQ_d37 12 0.04843823357538646
23 RQ_d34 13 0.04170275988275429
23 RQ_d44 14 0.03571884786017153
23 RQ_d89 15 0.03561819824144179
23 RQ_d38 16 0.020228245660690092
23 RQ_d36 17 0.018868868416683764
24 RQ_d83 0 0.20454723336449496
24 RQ_d81 1 0.1644266708504228
24 RQ_d39 2 0.15065862996559073
24 RQ_d87 3 0.11220354154286052
24 RQ_d66 4 0.11071065708222622
24 RQ_d80 5 0.104077621228245
24 RQ_d82 6 0.10305998073367481
24 RQ_d69 7 0.08909160640104533
24 RQ_d40 8 0.05188872086444881
24 RQ_d42 9 0.051698977149391534
24 RQ_d21 10 0.039111297226727855
24 RQ_d41 11 0.037092325255982765
24 RQ_d101 12 0.03602256607320266
24 RQ_d68 13 0.033476242766031165
24 RQ_d67 14 0.03237449557331033
24 RQ_d65 15 0.030962286616695138
24 RQ_d84 16 0.029030262123848936
24 RQ_d153 17 0.02648457072983526
24 RQ_d194 18 0.02535393095849294
24 RQ_d142 19 0.023270275602391165
24 RQ_d43 20 0.01959880356627255
24 RQ_d46 21 0.017843867548556023
24 RQ_d20 22 0.01671465571231957
25 RQ_d190 0 0.1628361963625273
25 RQ_d204 1 0.13992347042898098
25 RQ_d191 2 0.1290605097572429
25 RQ_d265 3 0.12178686863849214
25 RQ_d205 4 0.09579486572678467
25 RQ_d155 5 0.08440160353301177
25 RQ_d311 6 0.07039263585364769
25 RQ_d76 7 0.0669359614745626
25 RQ_d211 8 0.06482657121932049
25 RQ_d189 9 0.06101421838886081
25 RQ_d277 10 0.06049362758006903
25 RQ_d72 11 0.05942367976649554
25 RQ_d274 12 0.0593543277690028
25 RQ_d70 13 0.05812621680779913
25 RQ_d263 14 0.05664740043173483
25 RQ_d116 15 0.05206066537784309
25 RQ_d271 16 0.05191363899225381
25 RQ_d273 17 0.045960719009022794
25 RQ_d203 18 0.04557073238894893
25 RQ_d188 19 0.04002100695394397
25 RQ_d210 20 0.039659997796348566
25 RQ_d268 21 0.034870114923222235
25 RQ_d264 22 0.03448552314383894
25 RQ_d74 23 0.03422037238282154
25 RQ_d266 24 0.03182447836075182
25 RQ_d202 25 0.030137922891942125
25 RQ_d18 26 0.02977953570237467
25 RQ_d75 27 0.029778545390709444
25 RQ_d267 28 0.029684107384005575
25 RQ_d206 29 0.026736192890351694
25 RQ_d262 30 0.022515739224730227
25 RQ_d208 31 0.02194729844258266
25 RQ_d269 32 0.021643280306590067
25 RQ_d270 33 0.021090333657810448
25 RQ_d209 34 0.02029980275215741
25 RQ_d207 35 0.019065063304874497
25 RQ_d77 36 0.018184906364056654
25 RQ_d272 37 0.018062260508511285
25 RQ_d73 38 0.017934946040829843
25 RQ_d178 39 0.017040619154813568
25 RQ_d71 40 0.015750543921139726
26 RQ_d190 0 0.1628361963625273
26 RQ_d204 1 0.13992347042898098
26 RQ_d191 2 0.1290605097572429
26 RQ_d265 3 0.12178686863849214
26 RQ_d205 4 0.09579486572678467
26 RQ_d155 5 0.08440160353301177
26 RQ_d311 6 0.07039263585364769
26 RQ_d76 7 0.0669359614745626
26 RQ_d211 8 0.06482657121932049
26 RQ_d189 9 0.06101421838886081
26 RQ_d277 10 0.06049362758006903
26 RQ_d72 11 0.05942367976649554
26 RQ_d274 12 0.0593543277690028
26 RQ_d70 13 0.05812621680779913
26 RQ_d263 14 0.05664740043173483
26 RQ_d116 15 0.05206066537784309
26 RQ_d271 16 0.05191363899225381
26 RQ_d273 17 0.045960719009022794
26 RQ_d203 18 0.04557073238894893
26 RQ_d188 19 0.04002100695394397
26 RQ_d210 20 0.039659997796348566
26 RQ_d268 21 0.034870114923222235
26 RQ_d264 22 0.03448552314383894
26 RQ_d74 23 0.03422037238282154
26 RQ_d266 24 0.03182447836075182
26 RQ_d202 25 0.030137922891942125
26 RQ_d18 26 0.02977953570237467
26 RQ_d75 27 0.029778545390709444
26 RQ_d267 28 0.029684107384005575
26 RQ_d206 29 0.026736192890351694
26 RQ_d262 30 0.022515739224730227
26 RQ_d208 31 0.02194729844258266
26 RQ_d269 32 0.021643280306590067
26 RQ_d270 33 0.021090333657810448
26 RQ_d209 34 0.02029980275215741
26 RQ_d207 35 0.019065063304874497
26 RQ_d77 36 0.018184906364056654
26 RQ_d272 37 0.018062260508511285
26 RQ_d73 38 0.017934946040829843
26 RQ_d178 39 0.017040619154813568
26 RQ_d71 40 0.015750543921139726
27 RQ_d83 0 0.20454723336449496
27 RQ_d81 1 0.1644266708504228
27 RQ_d85 2 0.15972110216931984
27 RQ_d39 3 0.15065862996559073
27 RQ_d1 4 0.14332879950610905
27 RQ_d3 5 0.14084456213826943
27 RQ_d22 6 0.11899732101372532
27 RQ_d87 7 0.11220354154286052
27 RQ_d66 8 0.11071065708222622
27 RQ_d80 9 0.104077621228245
27 RQ_d82 10 0.10305998073367481
27 RQ_d14 11 0.09856486365612596
27 RQ_d19 12 0.09723648033777928
27 RQ_d205 13 0.09579486572678467
27 RQ_d12 14 0.09439431981212394
27 RQ_d63 15 0.09277831980526872
27 RQ_d9 16 0.0851630683197134
27 RQ_d24 17 0.07557337304849743
27 RQ_d15 18 0.07433882223200788
27 RQ_d311 19 0.07039263585364769
27 RQ_d76 20 0.0669359614745626
27 RQ_d211 21 0.06482657121932049
27 RQ_d72 22 0.05942367976649554
27 RQ_d274 23 0.0593543277690028
27 RQ_d16 24 0.057577746367746326
27 RQ_d2 25 0.052429174495783125
27 RQ_d40 26 0.05188872086444881
27 RQ_d42 27 0.051698977149391534
27 RQ_d37 28 0.04843823357538646
27 RQ_d86 29 0.047017575845535946
27 RQ_d273 30 0.045960719009022794
27 RQ_d203 31 0.04557073238894893
27 RQ_d17 32 0.04209969566125615
27 RQ_d139 33 0.041729330416309295
27 RQ_d10 34 0.040063060303019295
27 RQ_d210 35 0.039659997796348566
27 RQ_d13 36 0.039435395110675356
27 RQ_d47 37 0.03939010862980157
27 RQ_d21 38 0.039111297226727855
27 RQ_d41 39 0.037092325255982765
27 RQ_d55 40 0.03498173530889477
27 RQ_d268 41 0.034870114923222235
27 RQ_d74 42 0.03422037238282154
27 RQ_d5 43 0.033674139103978165
27 RQ_d56 44 0.03337208461454462
27 RQ_d48 45 0.031563166236379635
27 RQ_d88 46 0.03012982497198248
27 RQ_d154 47 0.030112555822848882
27 RQ_d18 48 0.02977953570237467
27 RQ_d84 49 0.029030262123848936
27 RQ_d31 50 0.026859431046588285
27 RQ_d33 51 0.026065152047070883
27 RQ_d7 52 0.025973258669769645
27 RQ_d11 53 0.02462161151567588
27 RQ_d58 54 0.02450834438317718
27 RQ_d79 55 0.02412852873548216
27 RQ_d32 56 0.022499458500953928
27 RQ_d269 57 0.021643280306590067
27 RQ_d78 58 0.020733070707771504
27 RQ_d8 59 0.020325335816348846
27 RQ_d43 60 0.01959880356627255
27 RQ_d6 61 0.01876092067255827
27 RQ_d46 62 0.017843867548556023
27 RQ_d20 63 0.01671465571231957
27 RQ_d4 64 0.015054176564386235
28 RQ_d83 0 0.20454723336449496
28 RQ_d81 1 0.1644266708504228
28 RQ_d85 2 0.15972110216931984
28 RQ_d39 3 0.15065862996559073
28 RQ_d1 4 0.14332879950610905
28 RQ_d3 5 0.14084456213826943
28 RQ_d22 6 0.11899732101372532
28 RQ_d87 7 0.11220354154286052
28 RQ_d66 8 0.11071065708222622
28 RQ_d80 9 0.104077621228245
28 RQ_d82 10 0.10305998073367481
28 RQ_d14 11 0.09856486365612596
28 RQ_d19 12 0.09723648033777928
28 RQ_d205 13 0.09579486572678467
28 RQ_d12 14 0.09439431981212394
28 RQ_d63 15 0.09277831980526872
28 RQ_d9 16 0.0851630683197134
28 RQ_d24 17 0.07557337304849743
28 RQ_d15 18 0.07433882223200788
28 RQ_d311 19 0.07039263585364769
28 RQ_d76 20 0.0669359614745626
28 RQ_d211 21 0.06482657121932049
28 RQ_d72 22 0.05942367976649554
28 RQ_d274 23 0.0593543277690028
28 RQ_d16 24 0.057577746367746326
28 RQ_d2 25 0.052429174495783125
28 RQ_d40 26 0.05188872086444881
28 RQ_d42 27 0.051698977149391534
28 RQ_d37 28 0.04843823357538646
28 RQ_d86 29 0.047017575845535946
28 RQ_d273 30 0.045960719009022794
28 RQ_d203 31 0.04557073238894893
28 RQ_d17 32 0.04209969566125615
28 RQ_d139 33 0.041729330416309295
28 RQ_d10 34 0.040063060303019295
28 RQ_d210 35 0.039659997796348566
28 RQ_d13 36 0.039435395110675356
28 RQ_d47 37 0.03939010862980157
28 RQ_d21 38 0.039111297226727855
28 RQ_d41 39 0.037092325255982765
28 RQ_d55 40 0.03498173530889477
28 RQ_d268 41 0.034870114923222235
28 RQ_d74 42 0.03422037238282154
28 RQ_d5 43 0.033674139103978165
28 RQ_d56 44 0.03337208461454462
28 RQ_d48 45 0.031563166236379635
28 RQ_d88 46 0.03012982497198248
28 RQ_d154 47 0.030112555822848882
28 RQ_d18 48 0.02977953570237467
28 RQ_d84 49 0.029030262123848936
28 RQ_d31 50 0.026859431046588285
28 RQ_d33 51 0.026065152047070883
28 RQ_d7 52 0.025973258669769645
28 RQ_d23 53 0.02495806848920541
28 RQ_d11 54 0.02462161151567588
28 RQ_d58 55 0.02450834438317718
28 RQ_d79 56 0.02412852873548216
28 RQ_d32 57 0.022499458500953928
28 RQ_d269 58 0.021643280306590067
28 RQ_d78 59 0.020733070707771504
28 RQ_d8 60 0.020325335816348846
28 RQ_d43 61 0.01959880356627255
28 RQ_d6 62 0.01876092067255827
28 RQ_d46 63 0.017843867548556023
28 RQ_d20 64 0.01671465571231957
28 RQ_d4 65 0.015054176564386235
29 RQ_d83 0 0.20454723336449496
29 RQ_d81 1 0.1644266708504228
29 RQ_d85 2 0.15972110216931984
29 RQ_d39 3 0.15065862996559073
29 RQ_d1 4 0.14332879950610905
29 RQ_d3 5 0.14084456213826943
29 RQ_d22 6 0.11899732101372532
29 RQ_d87 7 0.11220354154286052
29 RQ_d66 8 0.11071065708222622
29 RQ_d80 9 0.104077621228245
29 RQ_d82 10 0.10305998073367481
29 RQ_d14 11 0.09856486365612596
29 RQ_d19 12 0.09723648033777928
29 RQ_d205 13 0.09579486572678467
29 RQ_d12 14 0.09439431981212394
29 RQ_d63 15 0.09277831980526872
29 RQ_d9 16 0.0851630683197134
29 RQ_d24 17 0.07557337304849743
29 RQ_d15 18 0.07433882223200788
29 RQ_d311 19 0.07039263585364769
29 RQ_d76 20 0.0669359614745626
29 RQ_d211 21 0.06482657121932049
29 RQ_d72 22 0.05942367976649554
29 RQ_d274 23 0.0593543277690028
29 RQ_d16 24 0.057577746367746326
29 RQ_d2 25 0.052429174495783125
29 RQ_d40 26 0.05188872086444881
29 RQ_d42 27 0.051698977149391534
29 RQ_d37 28 0.04843823357538646
29 RQ_d86 29 0.047017575845535946
29 RQ_d273 30 0.045960719009022794
29 RQ_d203 31 0.04557073238894893
29 RQ_d17 32 0.04209969566125615
29 RQ_d139 33 0.041729330416309295
29 RQ_d10 34 0.040063060303019295
29 RQ_d210 35 0.039659997796348566
29 RQ_d13 36 0.039435395110675356
29 RQ_d47 37 0.03939010862980157
29 RQ_d21 38 0.039111297226727855
29 RQ_d41 39 0.037092325255982765
29 RQ_d55 40 0.03498173530889477
29 RQ_d268 41 0.034870114923222235
29 RQ_d74 42 0.03422037238282154
29 RQ_d5 43 0.033674139103978165
29 RQ_d56 44 0.03337208461454462
29 RQ_d48 45 0.031563166236379635
29 RQ_d88 46 0.03012982497198248
29 RQ_d154 47 0.030112555822848882
29 RQ_d18 48 0.02977953570237467
29 RQ_d84 49 0.029030262123848936
29 RQ_d31 50 0.026859431046588285
29 RQ_d33 51 0.026065152047070883
29 RQ_d7 52 0.025973258669769645
29 RQ_d23 53 0.02495806848920541
29 RQ_d11 54 0.02462161151567588
29 RQ_d58 55 0.02450834438317718
29 RQ_d79 56 0.02412852873548216
29 RQ_d32 57 0.022499458500953928
29 RQ_d269 58 0.021643280306590067
29 RQ_d78 59 0.020733070707771504
29 RQ_d8 60 0.020325335816348846
29 RQ_d43 61 0.01959880356627255
29 RQ_d6 62 0.01876092067255827
29 RQ_d46 63 0.017843867548556023
29 RQ_d20 64 0.01671465571231957
29 RQ_d4 65 0.015054176564386235
30 RQ_d83 0 0.20454723336449496
30 RQ_d81 1 0.1644266708504228
30 RQ_d85 2 0.15972110216931984
30 RQ_d39 3 0.15065862996559073
30 RQ_d1 4 0.14332879950610905
30 RQ_d3 5 0.14084456213826943
30 RQ_d180 6 0.13912788610437343
30 RQ_d305 7 0.12263671072450648
30 RQ_d22 8 0.11899732101372532
30 RQ_d87 9 0.11220354154286052
30 RQ_d66 10 0.11071065708222622
30 RQ_d80 11 0.104077621228245
30 RQ_d82 12 0.10305998073367481
30 RQ_d108 13 0.10228783944406805
30 RQ_d14 14 0.09856486365612596
30 RQ_d19 15 0.09723648033777928
30 RQ_d205 16 0.09579486572678467
30 RQ_d12 17 0.09439431981212394
30 RQ_d63 18 0.09277831980526872
30 RQ_d69 19 0.08909160640104533
30 RQ_d9 20 0.0851630683197134
30 RQ_d15 21 0.07433882223200788
30 RQ_d76 22 0.0669359614745626
30 RQ_d211 23 0.06482657121932049
30 RQ_d72 24 0.05942367976649554
30 RQ_d274 25 0.0593543277690028
30 RQ_d16 26 0.057577746367746326
30 RQ_d2 27 0.052429174495783125
30 RQ_d40 28 0.05188872086444881
30 RQ_d42 29 0.051698977149391534
30 RQ_d37 30 0.04843823357538646
30 RQ_d86 31 0.047017575845535946
30 RQ_d273 32 0.045960719009022794
30 RQ_d203 33 0.04557073238894893
30 RQ_d17 34 0.04209969566125615
30 RQ_d139 35 0.041729330416309295
30 RQ_d10 36 0.040063060303019295
30 RQ_d210 37 0.039659997796348566
30 RQ_d13 38 0.039435395110675356
30 RQ_d47 39 0.03939010862980157
30 RQ_d21 40 0.039111297226727855
30 RQ_d41 41 0.037092325255982765
30 RQ_d230 42 0.035851772207647986
30 RQ_d55 43 0.03498173530889477
30 RQ_d268 44 0.034870114923222235
30 RQ_d74 45 0.03422037238282154
30 RQ_d5 46 0.033674139103978165
30 RQ_d254 47 0.03351506675592389
30 RQ_d68 48 0.033476242766031165
30 RQ_d56 49 0.03337208461454462
30 RQ_d67 50 0.03237449557331033
30 RQ_d88 51 0.03012982497198248
30 RQ_d154 52 0.030112555822848882
30 RQ_d18 53 0.02977953570237467
30 RQ_d84 54 0.029030262123848936
30 RQ_d31 55 0.026859431046588285
30 RQ_d153 56 0.02648457072983526
30 RQ_d33 57 0.026065152047070883
30 RQ_d7 58 0.025973258669769645
30 RQ_d194 59 0.02535393095849294
30 RQ_d11 60 0.02462161151567588
30 RQ_d58 61 0.02450834438317718
30 RQ_d79 62 0.02412852873548216
30 RQ_d142 63 0.023270275602391165
30 RQ_d32 64 0.022499458500953928
30 RQ_d269 65 0.021643280306590067
30 RQ_d78 66 0.020733070707771504
30 RQ_d8 67 0.020325335816348846
30 RQ_d43 68 0.01959880356627255
30 RQ_d6 69 0.01876092067255827
30 RQ_d46 70 0.017843867548556023
30 RQ_d20 71 0.01671465571231957
30 RQ_d4 72 0.015054176564386235
31 RQ_d83 0 0.20454723336449496
31 RQ_d81 1 0.1644266708504228
31 RQ_d85 2 0.15972110216931984
31 RQ_d39 3 0.15065862996559073
31 RQ_d200 4 0.14881253811697506
31 RQ_d1 5 0.14332879950610905
31 RQ_d3 6 0.14084456213826943
31 RQ_d168 7 0.12630514957746758
31 RQ_d248 8 0.12384435524462882
31 RQ_d22 9 0.11899732101372532
31 RQ_d87 10 0.11220354154286052
31 RQ_d66 11 0.11071065708222622
31 RQ_d80 12 0.104077621228245
31 RQ_d82 13 0.10305998073367481
31 RQ_d14 14 0.09856486365612596
31 RQ_d19 15 0.09723648033777928
31 RQ_d205 16 0.09579486572678467
31 RQ_d12 17 0.09439431981212394
31 RQ_d98 18 0.09435177225036998
31 RQ_d63 19 0.09277831980526872
31 RQ_d69 20 0.08909160640104533
31 RQ_d251 21 0.08725880925074682
31 RQ_d9 22 0.0851630683197134
31 RQ_d64 23 0.08438369115287274
31 RQ_d250 24 0.07571668718007304
31 RQ_d15 25 0.07433882223200788
31 RQ_d311 26 0.07039263585364769
31 RQ_d76 27 0.0669359614745626
31 RQ_d211 28 0.06482657121932049
31 RQ_d277 29 0.06049362758006903
31 RQ_d72 30 0.05942367976649554
31 RQ_d274 31 0.0593543277690028
31 RQ_d102 32 0.059238712183126575
31 RQ_d16 33 0.057577746367746326
31 RQ_d45 34 0.0565132763924125
31 RQ_d152 35 0.05466095972761541
31 RQ_d2 36 0.052429174495783125
31 RQ_d40 37 0.05188872086444881
31 RQ_d42 38 0.051698977149391534
31 RQ_d298 39 0.05054691835146135
31 RQ_d37 40 0.04843823357538646
31 RQ_d86 41 0.047017575845535946
31 RQ_d273 42 0.045960719009022794
31 RQ_d203 43 0.04557073238894893
31 RQ_d17 44 0.04209969566125615
31 RQ_d139 45 0.041729330416309295
31 RQ_d34 46 0.04170275988275429
31 RQ_d10 47 0.040063060303019295
31 RQ_d210 48 0.039659997796348566
31 RQ_d13 49 0.039435395110675356
31 RQ_d47 50 0.03939010862980157
31 RQ_d125 51 0.039189786499851754
31 RQ_d21 52 0.039111297226727855
31 RQ_d41 53 0.037092325255982765
31 RQ_d146 54 0.03589128658624445
31 RQ_d230 55 0.035851772207647986
31 RQ_d44 56 0.03571884786017153
31 RQ_d89 57 0.03561819824144179
31 RQ_d55 58 0.03498173530889477
31 RQ_d268 59 0.034870114923222235
31 RQ_d74 60 0.03422037238282154
31 RQ_d5 61 0.033674139103978165
31 RQ_d68 62 0.033476242766031165
31 RQ_d56 63 0.03337208461454462
31 RQ_d141 64 0.033219708659655206
31 RQ_d67 65 0.03237449557331033
31 RQ_d65 66 0.030962286616695138
31 RQ_d88 67 0.03012982497198248
31 RQ_d154 68 0.030112555822848882
31 RQ_d18 69 0.02977953570237467
31 RQ_d84 70 0.029030262123848936
31 RQ_d31 71 0.026859431046588285
31 RQ_d153 72 0.02648457072983526
31 RQ_d160 73 0.026159167520797593
31 RQ_d33 74 0.026065152047070883
31 RQ_d7 75 0.025973258669769645
31 RQ_d280 76 0.025789471915167193
31 RQ_d126 77 0.025365682656920307
31 RQ_d11 78 0.02462161151567588
31 RQ_d58 79 0.02450834438317718
31 RQ_d79 80 0.02412852873548216
31 RQ_d142 81 0.023270275602391165
31 RQ_d278 82 0.022995117977785164
31 RQ_d143 83 0.022596037467162617
31 RQ_d32 84 0.022499458500953928
31 RQ_d213 85 0.02197070186511688
31 RQ_d269 86 0.021643280306590067
31 RQ_d78 87 0.020733070707771504
31 RQ_d195 88 0.020400284489481075
31 RQ_d8 89 0.020325335816348846
31 RQ_d43 90 0.01959880356627255
31 RQ_d36 91 0.018868868416683764
31 RQ_d6 92 0.01876092067255827
31 RQ_d46 93 0.017843867548556023
31 RQ_d20 94 0.01671465571231957
31 RQ_d4 95 0.015054176564386235
32 RQ_d59 0 0.1735771808180365
32 RQ_d171 1 0.1637900796489363
32 RQ_d259 2 0.14921370299786443
32 RQ_d1 3 0.14332879950610905
32 RQ_d3 4 0.14084456213826943
32 RQ_d50 5 0.13190608827287423
32 RQ_d49 6 0.10483621882688733
32 RQ_d61 7 0.09952162922105774
32 RQ_d115 8 0.09325347322855204
32 RQ_d63 9 0.09277831980526872
32 RQ_d201 10 0.08772105278253144
32 RQ_d9 11 0.0851630683197134
32 RQ_d25 12 0.06808618678118115
32 RQ_d2 13 0.052429174495783125
32 RQ_d62 14 0.05109486817052444
32 RQ_d119 15 0.04288678782754591
32 RQ_d60 16 0.03674090231530676
32 RQ_d52 17 0.036339820431966485
32 RQ_d5 18 0.033674139103978165
32 RQ_d51 19 0.03244613754863465
32 RQ_d7 20 0.025973258669769645
32 RQ_d280 21 0.025789471915167193
32 RQ_d8 22 0.020325335816348846
32 RQ_d198 23 0.019534540827585097
32 RQ_d6 24 0.01876092067255827
32 RQ_d4 25 0.015054176564386235
33 RQ_d83 0 0.20454723336449496
33 RQ_d90 1 0.1724535750889792
33 RQ_d91 2 0.17232290676579154
33 RQ_d81 3 0.1644266708504228
33 RQ_d85 4 0.15972110216931984
33 RQ_d39 5 0.15065862996559073
33 RQ_d259 6 0.14921370299786443
33 RQ_d240 7 0.147646920537617
33 RQ_d35 8 0.14707745171764552
33 RQ_d248 9 0.12384435524462882
33 RQ_d87 10 0.11220354154286052
33 RQ_d66 11 0.11071065708222622
33 RQ_d260 12 0.10748267867703058
33 RQ_d80 13 0.104077621228245
33 RQ_d82 14 0.10305998073367481
33 RQ_d19 15 0.09723648033777928
33 RQ_d12 16 0.09439431981212394
33 RQ_d98 17 0.09435177225036998
33 RQ_d251 18 0.08725880925074682
33 RQ_d64 19 0.08438369115287274
33 RQ_d241 20 0.07687647229529992
33 RQ_d250 21 0.07571668718007304
33 RQ_d311 22 0.07039263585364769
33 RQ_d102 23 0.059238712183126575
33 RQ_d70 24 0.05812621680779913
33 RQ_d45 25 0.0565132763924125
33 RQ_d239 26 0.052120306662092816
33 RQ_d40 27 0.05188872086444881
33 RQ_d42 28 0.051698977149391534
33 RQ_d37 29 0.04843823357538646
33 RQ_d86 30 0.047017575845535946
33 RQ_d17 31 0.04209969566125615
33 RQ_d139 32 0.041729330416309295
33 RQ_d34 33 0.04170275988275429
33 RQ_d41 34 0.037092325255982765
33 RQ_d44 35 0.03571884786017153
33 RQ_d89 36 0.03561819824144179
33 RQ_d88 37 0.03012982497198248
33 RQ_d31 38 0.026859431046588285
33 RQ_d7 39 0.025973258669769645
33 RQ_d280 40 0.025789471915167193
33 RQ_d11 41 0.02462161151567588
33 RQ_d32 42 0.022499458500953928
33 RQ_d38 43 0.020228245660690092
33 RQ_d43 44 0.01959880356627255
33 RQ_d36 45 0.018868868416683764
34 RQ_d90 0 0.1724535750889792
34 RQ_d91 1 0.17232290676579154
34 RQ_d259 2 0.14921370299786443
34 RQ_d240 3 0.147646920537617
34 RQ_d35 4 0.14707745171764552
34 RQ_d236 5 0.13855204910881758
34 RQ_d87 6 0.11220354154286052
34 RQ_d260 7 0.10748267867703058
34 RQ_d94 8 0.09503496280305215
34 RQ_d98 9 0.09435177225036998
34 RQ_d251 10 0.08725880925074682
34 RQ_d93 11 0.08246490099648984
34 RQ_d92 12 0.0770538531481593
34 RQ_d241 13 0.07687647229529992
34 RQ_d235 14 0.06693928892175775
34 RQ_d70 15 0.05812621680779913
34 RQ_d233 16 0.05595097176997347
34 RQ_d234 17 0.05296315809090463
34 RQ_d239 18 0.052120306662092816
34 RQ_d284 19 0.041868588985827314
34 RQ_d34 20 0.04170275988275429
34 RQ_d185 21 0.03282972958481308
34 RQ_d266 22 0.03182447836075182
34 RQ_d232 23 0.021922457653402925
35 RQ_d39 0 0.15065862996559073
35 RQ_d316 1 0.12716569080208223
35 RQ_d121 2 0.10581466184259394
35 RQ_d49 3 0.10483621882688733
35 RQ_d80 4 0.104077621228245
35 RQ_d82 5 0.10305998073367481
35 RQ_d98 6 0.09435177225036998
35 RQ_d63 7 0.09277831980526872
35 RQ_d9 8 0.0851630683197134
35 RQ_d241 9 0.07687647229529992
35 RQ_d103 10 0.06829555187136545
35 RQ_d102 11 0.059238712183126575
35 RQ_d286 12 0.05579476660997851
35 RQ_d239 13 0.052120306662092816
35 RQ_d37 14 0.04843823357538646
35 RQ_d315 15 0.047304845453384654
35 RQ_d97 16 0.04707284844061107
35 RQ_d95 17 0.03747859962204297
35 RQ_d41 18 0.037092325255982765
35 RQ_d30 19 0.036643821591187675
35 RQ_d101 20 0.03602256607320266
35 RQ_d96 21 0.03406426531083914
35 RQ_d266 22 0.03182447836075182
35 RQ_d196 23 0.031079433884613573
35 RQ_d84 24 0.029030262123848936
35 RQ_d33 25 0.026065152047070883
35 RQ_d11 26 0.02462161151567588
35 RQ_d32 27 0.022499458500953928
35 RQ_d193 28 0.022279569698807185
35 RQ_d53 29 0.020809004033645134
35 RQ_d26 30 0.01962423476983557
35 RQ_d43 31 0.01959880356627255
35 RQ_d99 32 0.01926600037121074
35 RQ_d28 33 0.016491118790628916
35 RQ_d27 34 0.015545638062910873
35 RQ_d54 35 0.015089235483643156
36 RQ_d112 0 0.15513385781228597
36 RQ_d39 1 0.15065862996559073
36 RQ_d242 2 0.1477020309102098
36 RQ_d301 3 0.13971217375947254
36 RQ_d316 4 0.12716569080208223
36 RQ_d121 5 0.10581466184259394
36 RQ_d49 6 0.10483621882688733
36 RQ_d80 7 0.104077621228245
36 RQ_d82 8 0.10305998073367481
36 RQ_d98 9 0.09435177225036998
36 RQ_d63 10 0.09277831980526872
36 RQ_d9 11 0.0851630683197134
36 RQ_d241 12 0.07687647229529992
36 RQ_d103 13 0.06829555187136545
36 RQ_d102 14 0.059238712183126575
36 RQ_d286 15 0.05579476660997851
36 RQ_d239 16 0.052120306662092816
36 RQ_d116 17 0.05206066537784309
36 RQ_d287 18 0.05054951391117819
36 RQ_d37 19 0.04843823357538646
36 RQ_d315 20 0.047304845453384654
36 RQ_d97 21 0.04707284844061107
36 RQ_d244 22 0.04607266006704404
36 RQ_d107 23 0.04540113444262425
36 RQ_d282 24 0.04275581392247298
36 RQ_d284 25 0.041868588985827314
36 RQ_d95 26 0.03747859962204297
36 RQ_d41 27 0.037092325255982765
36 RQ_d30 28 0.036643821591187675
36 RQ_d101 29 0.03602256607320266
36 RQ_d288 30 0.03424871981845014
36 RQ_d96 31 0.03406426531083914
36 RQ_d266 32 0.03182447836075182
36 RQ_d196 33 0.031079433884613573
36 RQ_d84 34 0.029030262123848936
36 RQ_d281 35 0.028840922078689497
36 RQ_d33 36 0.026065152047070883
36 RQ_d280 37 0.025789471915167193
36 RQ_d283 38 0.024623016815086534
36 RQ_d11 39 0.02462161151567588
36 RQ_d32 40 0.022499458500953928
36 RQ_d193 41 0.022279569698807185
36 RQ_d53 42 0.020809004033645134
36 RQ_d26 43 0.01962423476983557
36 RQ_d43 44 0.01959880356627255
36 RQ_d99 45 0.01926600037121074
36 RQ_d28 46 0.016491118790628916
36 RQ_d27 47 0.015545638062910873
36 RQ_d54 48 0.015089235483643156
37 RQ_d117 0 0.18514557538561174
37 RQ_d104 1 0.18012822263875286
37 RQ_d171 2 0.1637900796489363
37 RQ_d109 3 0.1608301757820554
37 RQ_d111 4 0.14129531428212158
37 RQ_d223 5 0.108342201295361
37 RQ_d192 6 0.1033849614097353
37 RQ_d108 7 0.10228783944406805
37 RQ_d135 8 0.09754380517157976
37 RQ_d137 9 0.09066241046980753
37 RQ_d201 10 0.08772105278253144
37 RQ_d155 11 0.08440160353301177
37 RQ_d110 12 0.07668788677331398
37 RQ_d118 13 0.06792791800030666
37 RQ_d138 14 0.05992483783095369
37 RQ_d150 15 0.0479119234809395
37 RQ_d107 16 0.04540113444262425
37 RQ_d157 17 0.03318058286049309
37 RQ_d106 18 0.018745775506158083
37 RQ_d105 19 0.013597721425722705
38 RQ_d117 0 0.18514557538561174
38 RQ_d104 1 0.18012822263875286
38 RQ_d171 2 0.1637900796489363
38 RQ_d109 3 0.1608301757820554
38 RQ_d111 4 0.14129531428212158
38 RQ_d223 5 0.108342201295361
38 RQ_d192 6 0.1033849614097353
38 RQ_d108 7 0.10228783944406805
38 RQ_d135 8 0.09754380517157976
38 RQ_d137 9 0.09066241046980753
38 RQ_d201 10 0.08772105278253144
38 RQ_d155 11 0.08440160353301177
38 RQ_d110 12 0.07668788677331398
38 RQ_d118 13 0.06792791800030666
38 RQ_d138 14 0.05992483783095369
38 RQ_d150 15 0.0479119234809395
38 RQ_d107 16 0.04540113444262425
38 RQ_d157 17 0.03318058286049309
38 RQ_d106 18 0.018745775506158083
38 RQ_d105 19 0.013597721425722705
39 RQ_d112 0 0.15513385781228597
39 RQ_d316 1 0.12716569080208223
39 RQ_d115 2 0.09325347322855204
39 RQ_d314 3 0.09254566258471834
39 RQ_d103 4 0.06829555187136545
39 RQ_d113 5 0.05207617837429036
39 RQ_d116 6 0.05206066537784309
39 RQ_d114 7 0.048701992241148725
39 RQ_d100 8 0.03789595657023575
39 RQ_d52 9 0.036339820431966485
39 RQ_d317 10 0.02971603691840038
40 RQ_d238 0 0.15723445032732503
40 RQ_d259 1 0.14921370299786443
40 RQ_d240 2 0.147646920537617
40 RQ_d204 3 0.13992347042898098
40 RQ_d316 4 0.12716569080208223
40 RQ_d260 5 0.10748267867703058
40 RQ_d121 6 0.10581466184259394
40 RQ_d82 7 0.10305998073367481
40 RQ_d314 8 0.09254566258471834
40 RQ_d258 9 0.07919233781697178
40 RQ_d122 10 0.07882987242965152
40 RQ_d123 11 0.06277495480347367
40 RQ_d120 12 0.061789981389700384
40 RQ_d189 13 0.06101421838886081
40 RQ_d315 14 0.047304845453384654
40 RQ_d119 15 0.04288678782754591
40 RQ_d68 16 0.033476242766031165
40 RQ_d317 17 0.02971603691840038
40 RQ_d29 18 0.028921241070509144
40 RQ_d160 19 0.026159167520797593
40 RQ_d143 20 0.022596037467162617
40 RQ_d257 21 0.020279992746237048
40 RQ_d43 22 0.01959880356627255
40 RQ_d27 23 0.015545638062910873
41 RQ_d200 0 0.14881253811697506
41 RQ_d127 1 0.13243030079289883
41 RQ_d168 2 0.12630514957746758
41 RQ_d128 3 0.12021697754276985
41 RQ_d66 4 0.11071065708222622
41 RQ_d14 5 0.09856486365612596
41 RQ_d19 6 0.09723648033777928
41 RQ_d12 7 0.09439431981212394
41 RQ_d277 8 0.06049362758006903
41 RQ_d16 9 0.057577746367746326
41 RQ_d152 10 0.05466095972761541
41 RQ_d40 11 0.05188872086444881
41 RQ_d298 12 0.05054691835146135
41 RQ_d47 13 0.03939010862980157
41 RQ_d125 14 0.039189786499851754
41 RQ_d146 15 0.03589128658624445
41 RQ_d230 16 0.035851772207647986
41 RQ_d141 17 0.033219708659655206
41 RQ_d67 18 0.03237449557331033
41 RQ_d65 19 0.030962286616695138
41 RQ_d18 20 0.02977953570237467
41 RQ_d153 21 0.02648457072983526
41 RQ_d160 22 0.026159167520797593
41 RQ_d126 23 0.025365682656920307
41 RQ_d142 24 0.023270275602391165
41 RQ_d278 25 0.022995117977785164
41 RQ_d143 26 0.022596037467162617
41 RQ_d213 27 0.02197070186511688
41 RQ_d195 28 0.020400284489481075
42 RQ_d131 0 0.1726612047758644
42 RQ_d133 1 0.14216702999493583
42 RQ_d132 2 0.1252236009701015
42 RQ_d130 3 0.10023708318463904
43 RQ_d104 0 0.18012822263875286
43 RQ_d171 1 0.1637900796489363
43 RQ_d111 2 0.14129531428212158
43 RQ_d223 3 0.108342201295361
43 RQ_d149 4 0.10712951656043965
43 RQ_d192 5 0.1033849614097353
43 RQ_d108 6 0.10228783944406805
43 RQ_d135 7 0.09754380517157976
43 RQ_d137 8 0.09066241046980753
43 RQ_d201 9 0.08772105278253144
43 RQ_d155 10 0.08440160353301177
43 RQ_d110 11 0.07668788677331398
43 RQ_d118 12 0.06792791800030666
43 RQ_d138 13 0.05992483783095369
43 RQ_d150 14 0.0479119234809395
43 RQ_d107 15 0.04540113444262425
43 RQ_d157 16 0.03318058286049309
43 RQ_d134 17 0.03266631872851115
43 RQ_d136 18 0.02186702094953755
44 RQ_d200 0 0.14881253811697506
44 RQ_d168 1 0.12630514957746758
44 RQ_d159 2 0.12013308965633952
44 RQ_d66 3 0.11071065708222622
44 RQ_d140 4 0.10027345874683373
44 RQ_d14 5 0.09856486365612596
44 RQ_d19 6 0.09723648033777928
44 RQ_d12 7 0.09439431981212394
44 RQ_d277 8 0.06049362758006903
44 RQ_d16 9 0.057577746367746326
44 RQ_d152 10 0.05466095972761541
44 RQ_d40 11 0.05188872086444881
44 RQ_d298 12 0.05054691835146135
44 RQ_d139 13 0.041729330416309295
44 RQ_d47 14 0.03939010862980157
44 RQ_d125 15 0.039189786499851754
44 RQ_d146 16 0.03589128658624445
44 RQ_d230 17 0.035851772207647986
44 RQ_d141 18 0.033219708659655206
44 RQ_d67 19 0.03237449557331033
44 RQ_d65 20 0.030962286616695138
44 RQ_d154 21 0.030112555822848882
44 RQ_d18 22 0.02977953570237467
44 RQ_d153 23 0.02648457072983526
44 RQ_d160 24 0.026159167520797593
44 RQ_d126 25 0.025365682656920307
44 RQ_d142 26 0.023270275602391165
44 RQ_d278 27 0.022995117977785164
44 RQ_d143 28 0.022596037467162617
44 RQ_d213 29 0.02197070186511688
44 RQ_d195 30 0.020400284489481075
44 RQ_d151 31 0.016105591402510458
45 RQ_d144 0 0.19805690047831884
45 RQ_d145 1 0.12288012744551104
45 RQ_d166 2 0.12180242690632981
45 RQ_d170 3 0.12107922398975662
45 RQ_d169 4 0.08107368098825363
45 RQ_d147 5 0.052619608599544135
45 RQ_d146 6 0.03589128658624445
45 RQ_d167 7 0.022748341742350547
45 RQ_d148 8 0.018140927094580955
46 RQ_d104 0 0.18012822263875286
46 RQ_d171 1 0.1637900796489363
46 RQ_d111 2 0.14129531428212158
46 RQ_d223 3 0.108342201295361
46 RQ_d149 4 0.10712951656043965
46 RQ_d192 5 0.1033849614097353
46 RQ_d108 6 0.10228783944406805
46 RQ_d135 7 0.09754380517157976
46 RQ_d137 8 0.09066241046980753
46 RQ_d201 9 0.08772105278253144
46 RQ_d155 10 0.08440160353301177
46 RQ_d110 11 0.07668788677331398
46 RQ_d118 12 0.06792791800030666
46 RQ_d138 13 0.05992483783095369
46 RQ_d150 14 0.0479119234809395
46 RQ_d107 15 0.04540113444262425
46 RQ_d157 16 0.03318058286049309
46 RQ_d134 17 0.03266631872851115
46 RQ_d136 18 0.02186702094953755
48 RQ_d182 0 0.18655028626819023
48 RQ_d171 1 0.1637900796489363
48 RQ_d149 2 0.10712951656043965
48 RQ_d135 3 0.09754380517157976
48 RQ_d137 4 0.09066241046980753
48 RQ_d138 5 0.05992483783095369
48 RQ_d217 6 0.05026233484611031
48 RQ_d150 7 0.0479119234809395
48 RQ_d157 8 0.03318058286049309
48 RQ_d134 9 0.03266631872851115
48 RQ_d136 10 0.02186702094953755
49 RQ_d200 0 0.14881253811697506
49 RQ_d293 1 0.13991224312415923
49 RQ_d191 2 0.1290605097572429
49 RQ_d168 3 0.12630514957746758
49 RQ_d305 4 0.12263671072450648
49 RQ_d159 5 0.12013308965633952
49 RQ_d66 6 0.11071065708222622
49 RQ_d140 7 0.10027345874683373
49 RQ_d14 8 0.09856486365612596
49 RQ_d19 9 0.09723648033777928
49 RQ_d12 10 0.09439431981212394
49 RQ_d277 11 0.06049362758006903
49 RQ_d70 12 0.05812621680779913
49 RQ_d16 13 0.057577746367746326
49 RQ_d152 14 0.05466095972761541
49 RQ_d40 15 0.05188872086444881
49 RQ_d298 16 0.05054691835146135
49 RQ_d139 17 0.041729330416309295
49 RQ_d47 18 0.03939010862980157
49 RQ_d125 19 0.039189786499851754
49 RQ_d146 20 0.03589128658624445
49 RQ_d230 21 0.035851772207647986
49 RQ_d141 22 0.033219708659655206
49 RQ_d67 23 0.03237449557331033
49 RQ_d65 24 0.030962286616695138
49 RQ_d154 25 0.030112555822848882
49 RQ_d18 26 0.02977953570237467
49 RQ_d153 27 0.02648457072983526
49 RQ_d160 28 0.026159167520797593
49 RQ_d126 29 0.025365682656920307
49 RQ_d142 30 0.023270275602391165
49 RQ_d278 31 0.022995117977785164
49 RQ_d143 32 0.022596037467162617
49 RQ_d213 33 0.02197070186511688
49 RQ_d195 34 0.020400284489481075
49 RQ_d43 35 0.01959880356627255
49 RQ_d151 36 0.016105591402510458
50 RQ_d161 0 0.0913041550645691
50 RQ_d162 1 0.04624936562166316
50 RQ_d163 2 0.023973440269783992
50 RQ_d165 3 0.02007400791987007
50 RQ_d164 4 0.01526711149233515
51 RQ_d144 0 0.19805690047831884
51 RQ_d168 1 0.12630514957746758
51 RQ_d145 2 0.12288012744551104
51 RQ_d166 3 0.12180242690632981
51 RQ_d170 4 0.12107922398975662
51 RQ_d169 5 0.08107368098825363
51 RQ_d172 6 0.07512923052764521
51 RQ_d45 7 0.0565132763924125
51 RQ_d147 8 0.052619608599544135
51 RQ_d298 9 0.05054691835146135
51 RQ_d146 10 0.03589128658624445
51 RQ_d89 11 0.03561819824144179
51 RQ_d291 12 0.034161481849129455
51 RQ_d317 13 0.02971603691840038
51 RQ_d167 14 0.022748341742350547
51 RQ_d148 15 0.018140927094580955
52 RQ_d112 0 0.15513385781228597
52 RQ_d61 1 0.09952162922105774
52 RQ_d176 2 0.0945126516814248
52 RQ_d63 3 0.09277831980526872
52 RQ_d241 4 0.07687647229529992
52 RQ_d172 5 0.07512923052764521
52 RQ_d114 6 0.048701992241148725
52 RQ_d173 7 0.046156547953474375
52 RQ_d174 8 0.0438597605502446
52 RQ_d175 9 0.03729988703578236
52 RQ_d199 10 0.031243499289768537
52 RQ_d310 11 0.022488617889258572
52 RQ_d312 12 0.014728998769146646
53 RQ_d109 0 0.1608301757820554
53 RQ_d180 1 0.13912788610437343
53 RQ_d179 2 0.13442530533503752
53 RQ_d191 3 0.1290605097572429
53 RQ_d128 4 0.12021697754276985
53 RQ_d22 5 0.11899732101372532
53 RQ_d177 6 0.11432178990015959
53 RQ_d307 7 0.1018555731179668
53 RQ_d115 8 0.09325347322855204
53 RQ_d24 9 0.07557337304849743
53 RQ_d181 10 0.0684011398442658
53 RQ_d25 11 0.06808618678118115
53 RQ_d277 12 0.06049362758006903
53 RQ_d221 13 0.05397914995234072
53 RQ_d107 14 0.04540113444262425
53 RQ_d184 15 0.04103339973984244
53 RQ_d13 16 0.039435395110675356
53 RQ_d125 17 0.039189786499851754
53 RQ_d48 18 0.031563166236379635
53 RQ_d202 19 0.030137922891942125
53 RQ_d29 20 0.028921241070509144
53 RQ_d11 21 0.02462161151567588
53 RQ_d58 22 0.02450834438317718
53 RQ_d32 23 0.022499458500953928
53 RQ_d78 24 0.020733070707771504
53 RQ_d195 25 0.020400284489481075
53 RQ_d38 26 0.020228245660690092
53 RQ_d46 27 0.017843867548556023
53 RQ_d178 28 0.017040619154813568
53 RQ_d20 29 0.01671465571231957
53 RQ_d312 30 0.014728998769146646
54 RQ_d182 0 0.18655028626819023
54 RQ_d109 1 0.1608301757820554
54 RQ_d111 2 0.14129531428212158
54 RQ_d204 3 0.13992347042898098
54 RQ_d205 4 0.09579486572678467
54 RQ_d279 5 0.07208415608493904
54 RQ_d181 6 0.0684011398442658
54 RQ_d211 7 0.06482657121932049
54 RQ_d286 8 0.05579476660997851
54 RQ_d287 9 0.05054951391117819
54 RQ_d184 10 0.04103339973984244
54 RQ_d210 11 0.039659997796348566
54 RQ_d285 12 0.03700742630849992
54 RQ_d268 13 0.034870114923222235
54 RQ_d185 14 0.03282972958481308
54 RQ_d267 15 0.029684107384005575
54 RQ_d313 16 0.029621872426346913
54 RQ_d206 17 0.026736192890351694
54 RQ_d283 18 0.024623016815086534
54 RQ_d278 19 0.022995117977785164
54 RQ_d213 20 0.02197070186511688
54 RQ_d208 21 0.02194729844258266
54 RQ_d269 22 0.021643280306590067
54 RQ_d270 23 0.021090333657810448
54 RQ_d207 24 0.019065063304874497
54 RQ_d178 25 0.017040619154813568
54 RQ_d183 26 0.014543913291531794
54 RQ_d186 27 0.014050086362858203
55 RQ_d190 0 0.1628361963625273
55 RQ_d204 1 0.13992347042898098
55 RQ_d249 2 0.13533379650732844
55 RQ_d191 3 0.1290605097572429
55 RQ_d265 4 0.12178686863849214
55 RQ_d128 5 0.12021697754276985
55 RQ_d159 6 0.12013308965633952
55 RQ_d140 7 0.10027345874683373
55 RQ_d205 8 0.09579486572678467
55 RQ_d155 9 0.08440160353301177
55 RQ_d311 10 0.07039263585364769
55 RQ_d76 11 0.0669359614745626
55 RQ_d211 12 0.06482657121932049
55 RQ_d189 13 0.06101421838886081
55 RQ_d277 14 0.06049362758006903
55 RQ_d72 15 0.05942367976649554
55 RQ_d274 16 0.0593543277690028
55 RQ_d70 17 0.05812621680779913
55 RQ_d263 18 0.05664740043173483
55 RQ_d221 19 0.05397914995234072
55 RQ_d271 20 0.05191363899225381
55 RQ_d42 21 0.051698977149391534
55 RQ_d273 22 0.045960719009022794
55 RQ_d203 23 0.04557073238894893
55 RQ_d188 24 0.04002100695394397
55 RQ_d210 25 0.039659997796348566
55 RQ_d268 26 0.034870114923222235
55 RQ_d264 27 0.03448552314383894
55 RQ_d74 28 0.03422037238282154
55 RQ_d266 29 0.03182447836075182
55 RQ_d202 30 0.030137922891942125
55 RQ_d267 31 0.029684107384005575
55 RQ_d292 32 0.029115908049273526
55 RQ_d206 33 0.026736192890351694
55 RQ_d153 34 0.02648457072983526
55 RQ_d262 35 0.022515739224730227
55 RQ_d208 36 0.02194729844258266
55 RQ_d269 37 0.021643280306590067
55 RQ_d270 38 0.021090333657810448
55 RQ_d209 39 0.02029980275215741
55 RQ_d207 40 0.019065063304874497
55 RQ_d77 41 0.018184906364056654
55 RQ_d272 42 0.018062260508511285
55 RQ_d73 43 0.017934946040829843
55 RQ_d178 44 0.017040619154813568
55 RQ_d71 45 0.015750543921139726
56 RQ_d192 0 0.1033849614097353
56 RQ_d196 1 0.031079433884613573
56 RQ_d194 2 0.02535393095849294
56 RQ_d193 3 0.022279569698807185
56 RQ_d195 4 0.020400284489481075
56 RQ_d198 5 0.019534540827585097
57 RQ_d200 0 0.14881253811697506
57 RQ_d197 1 0.1159964239028279
57 RQ_d201 2 0.08772105278253144
57 RQ_d199 3 0.031243499289768537
57 RQ_d195 4 0.020400284489481075
57 RQ_d198 5 0.019534540827585097
58 RQ_d190 0 0.1628361963625273
58 RQ_d200 1 0.14881253811697506
58 RQ_d309 2 0.1328427684309273
58 RQ_d191 3 0.1290605097572429
58 RQ_d265 4 0.12178686863849214
58 RQ_d223 5 0.108342201295361
58 RQ_d205 6 0.09579486572678467
58 RQ_d110 7 0.07668788677331398
58 RQ_d211 8 0.06482657121932049
58 RQ_d189 9 0.06101421838886081
58 RQ_d274 10 0.0593543277690028
58 RQ_d263 11 0.05664740043173483
58 RQ_d271 12 0.05191363899225381
58 RQ_d273 13 0.045960719009022794
58 RQ_d203 14 0.04557073238894893
58 RQ_d107 15 0.04540113444262425
58 RQ_d188 16 0.04002100695394397
58 RQ_d210 17 0.039659997796348566
58 RQ_d268 18 0.034870114923222235
58 RQ_d264 19 0.03448552314383894
58 RQ_d266 20 0.03182447836075182
58 RQ_d202 21 0.030137922891942125
58 RQ_d206 22 0.026736192890351694
58 RQ_d208 23 0.02194729844258266
58 RQ_d269 24 0.021643280306590067
58 RQ_d270 25 0.021090333657810448
58 RQ_d209 26 0.02029980275215741
58 RQ_d207 27 0.019065063304874497
58 RQ_d272 28 0.018062260508511285
59 RQ_d182 0 0.18655028626819023
59 RQ_d190 1 0.1628361963625273
59 RQ_d204 2 0.13992347042898098
59 RQ_d191 3 0.1290605097572429
59 RQ_d265 4 0.12178686863849214
59 RQ_d205 5 0.09579486572678467
59 RQ_d211 6 0.06482657121932049
59 RQ_d189 7 0.06101421838886081
59 RQ_d274 8 0.0593543277690028
59 RQ_d263 9 0.05664740043173483
59 RQ_d286 10 0.05579476660997851
59 RQ_d271 11 0.05191363899225381
59 RQ_d287 12 0.05054951391117819
59 RQ_d273 13 0.045960719009022794
59 RQ_d203 14 0.04557073238894893
59 RQ_d184 15 0.04103339973984244
59 RQ_d188 16 0.04002100695394397
59 RQ_d210 17 0.039659997796348566
59 RQ_d285 18 0.03700742630849992
59 RQ_d268 19 0.034870114923222235
59 RQ_d264 20 0.03448552314383894
59 RQ_d185 21 0.03282972958481308
59 RQ_d266 22 0.03182447836075182
59 RQ_d202 23 0.030137922891942125
59 RQ_d267 24 0.029684107384005575
59 RQ_d206 25 0.026736192890351694
59 RQ_d283 26 0.024623016815086534
59 RQ_d208 27 0.02194729844258266
59 RQ_d269 28 0.021643280306590067
59 RQ_d270 29 0.021090333657810448
59 RQ_d209 30 0.02029980275215741
59 RQ_d207 31 0.019065063304874497
59 RQ_d272 32 0.018062260508511285
59 RQ_d178 33 0.017040619154813568
59 RQ_d183 34 0.014543913291531794
59 RQ_d186 35 0.014050086362858203
60 RQ_d182 0 0.18655028626819023
60 RQ_d190 1 0.1628361963625273
60 RQ_d204 2 0.13992347042898098
60 RQ_d191 3 0.1290605097572429
60 RQ_d265 4 0.12178686863849214
60 RQ_d205 5 0.09579486572678467
60 RQ_d311 6 0.07039263585364769
60 RQ_d211 7 0.06482657121932049
60 RQ_d189 8 0.06101421838886081
60 RQ_d274 9 0.0593543277690028
60 RQ_d263 10 0.05664740043173483
60 RQ_d286 11 0.05579476660997851
60 RQ_d271 12 0.05191363899225381
60 RQ_d287 13 0.05054951391117819
60 RQ_d273 14 0.045960719009022794
60 RQ_d203 15 0.04557073238894893
60 RQ_d184 16 0.04103339973984244
60 RQ_d188 17 0.04002100695394397
60 RQ_d210 18 0.039659997796348566
60 RQ_d285 19 0.03700742630849992
60 RQ_d268 20 0.034870114923222235
60 RQ_d264 21 0.03448552314383894
60 RQ_d185 22 0.03282972958481308
60 RQ_d266 23 0.03182447836075182
60 RQ_d202 24 0.030137922891942125
60 RQ_d267 25 0.029684107384005575
60 RQ_d206 26 0.026736192890351694
60 RQ_d283 27 0.024623016815086534
60 RQ_d208 28 0.02194729844258266
60 RQ_d269 29 0.021643280306590067
60 RQ_d270 30 0.021090333657810448
60 RQ_d209 31 0.02029980275215741
60 RQ_d207 32 0.019065063304874497
60 RQ_d272 33 0.018062260508511285
60 RQ_d178 34 0.017040619154813568
60 RQ_d183 35 0.014543913291531794
60 RQ_d186 36 0.014050086362858203
61 RQ_d129 0 0.19235266001522758
61 RQ_d131 1 0.1726612047758644
61 RQ_d240 2 0.147646920537617
61 RQ_d236 3 0.13855204910881758
61 RQ_d249 4 0.13533379650732844
61 RQ_d255 5 0.12286622158342335
61 RQ_d128 6 0.12021697754276985
61 RQ_d260 7 0.10748267867703058
61 RQ_d63 8 0.09277831980526872
61 RQ_d250 9 0.07571668718007304
61 RQ_d235 10 0.06693928892175775
61 RQ_d216 11 0.06016692281855705
61 RQ_d233 12 0.05595097176997347
61 RQ_d234 13 0.05296315809090463
61 RQ_d217 14 0.05026233484611031
61 RQ_d34 15 0.04170275988275429
61 RQ_d95 16 0.03747859962204297
61 RQ_d146 17 0.03589128658624445
61 RQ_d252 18 0.03547314116133536
61 RQ_d254 19 0.03351506675592389
61 RQ_d214 20 0.023972642361528008
61 RQ_d213 21 0.02197070186511688
61 RQ_d212 22 0.021964278986602397
61 RQ_d99 23 0.01926600037121074
61 RQ_d183 24 0.014543913291531794
61 RQ_d186 25 0.014050086362858203
62 RQ_d275 0 0.15791356645487029
62 RQ_d219 1 0.12341663114803207
62 RQ_d128 2 0.12021697754276985
62 RQ_d220 3 0.11898902125881676
62 RQ_d177 4 0.11432178990015959
62 RQ_d108 5 0.10228783944406805
62 RQ_d279 6 0.07208415608493904
62 RQ_d277 7 0.06049362758006903
62 RQ_d221 8 0.05397914995234072
62 RQ_d217 9 0.05026233484611031
62 RQ_d218 10 0.03894676967612914
62 RQ_d41 11 0.037092325255982765
62 RQ_d276 12 0.036323145469832
62 RQ_d96 13 0.03406426531083914
62 RQ_d99 14 0.01926600037121074
63 RQ_d256 0 0.16724383402333992
63 RQ_d222 1 0.1641313504803128
63 RQ_d255 2 0.12286622158342335
63 RQ_d289 3 0.12124144647206028
63 RQ_d223 4 0.108342201295361
63 RQ_d225 5 0.10714768547845765
63 RQ_d253 6 0.09433619889206882
63 RQ_d224 7 0.08675188285662722
63 RQ_d226 8 0.037834583655302824
63 RQ_d252 9 0.03547314116133536
63 RQ_d254 10 0.03351506675592389
63 RQ_d105 11 0.013597721425722705
64 RQ_d303 0 0.18223559077189
64 RQ_d304 1 0.16286518514285336
64 RQ_d229 2 0.1577792311490594
64 RQ_d306 3 0.13811920934510447
64 RQ_d309 4 0.1328427684309273
64 RQ_d305 5 0.12263671072450648
64 RQ_d231 6 0.12194978528211542
64 RQ_d265 7 0.12178686863849214
64 RQ_d228 8 0.1036399826971484
64 RQ_d307 9 0.1018555731179668
64 RQ_d184 10 0.04103339973984244
64 RQ_d230 11 0.035851772207647986
64 RQ_d157 12 0.03318058286049309
64 RQ_d227 13 0.028807528769338068
65 RQ_d131 0 0.1726612047758644
65 RQ_d240 1 0.147646920537617
65 RQ_d236 2 0.13855204910881758
65 RQ_d249 3 0.13533379650732844
65 RQ_d255 4 0.12286622158342335
65 RQ_d128 5 0.12021697754276985
65 RQ_d260 6 0.10748267867703058
65 RQ_d94 7 0.09503496280305215
65 RQ_d215 8 0.08254761182676949
65 RQ_d93 9 0.08246490099648984
65 RQ_d92 10 0.0770538531481593
65 RQ_d250 11 0.07571668718007304
65 RQ_d235 12 0.06693928892175775
65 RQ_d233 13 0.05595097176997347
65 RQ_d234 14 0.05296315809090463
65 RQ_d271 15 0.05191363899225381
65 RQ_d217 16 0.05026233484611031
65 RQ_d95 17 0.03747859962204297
65 RQ_d41 18 0.037092325255982765
65 RQ_d146 19 0.03589128658624445
65 RQ_d252 20 0.03547314116133536
65 RQ_d96 21 0.03406426531083914
65 RQ_d254 22 0.03351506675592389
65 RQ_d185 23 0.03282972958481308
65 RQ_d214 24 0.023972642361528008
65 RQ_d99 25 0.01926600037121074
65 RQ_d105 26 0.013597721425722705
66 RQ_d238 0 0.15723445032732503
66 RQ_d259 1 0.14921370299786443
66 RQ_d240 2 0.147646920537617
66 RQ_d316 3 0.12716569080208223
66 RQ_d260 4 0.10748267867703058
66 RQ_d121 5 0.10581466184259394
66 RQ_d82 6 0.10305998073367481
66 RQ_d98 7 0.09435177225036998
66 RQ_d63 8 0.09277831980526872
66 RQ_d314 9 0.09254566258471834
66 RQ_d9 10 0.0851630683197134
66 RQ_d258 11 0.07919233781697178
66 RQ_d241 12 0.07687647229529992
66 RQ_d123 13 0.06277495480347367
66 RQ_d189 14 0.06101421838886081
66 RQ_d239 15 0.052120306662092816
66 RQ_d315 16 0.047304845453384654
66 RQ_d97 17 0.04707284844061107
66 RQ_d95 18 0.03747859962204297
66 RQ_d41 19 0.037092325255982765
66 RQ_d101 20 0.03602256607320266
66 RQ_d96 21 0.03406426531083914
66 RQ_d196 22 0.031079433884613573
66 RQ_d317 23 0.02971603691840038
66 RQ_d84 24 0.029030262123848936
66 RQ_d11 25 0.02462161151567588
66 RQ_d32 26 0.022499458500953928
66 RQ_d193 27 0.022279569698807185
66 RQ_d257 28 0.020279992746237048
66 RQ_d99 29 0.01926600037121074
67 RQ_d144 0 0.19805690047831884
67 RQ_d242 1 0.1477020309102098
67 RQ_d168 2 0.12630514957746758
67 RQ_d260 3 0.10748267867703058
67 RQ_d80 4 0.104077621228245
67 RQ_d228 5 0.1036399826971484
67 RQ_d302 6 0.10068919347020348
67 RQ_d130 7 0.10023708318463904
67 RQ_d314 8 0.09254566258471834
67 RQ_d187 9 0.07919026287824465
67 RQ_d279 10 0.07208415608493904
67 RQ_d277 11 0.06049362758006903
67 RQ_d299 12 0.06035212430410981
67 RQ_d221 13 0.05397914995234072
67 RQ_d114 14 0.048701992241148725
67 RQ_d315 15 0.047304845453384654
67 RQ_d97 16 0.04707284844061107
67 RQ_d218 17 0.03894676967612914
67 RQ_d294 18 0.038314437757957065
67 RQ_d100 19 0.03789595657023575
67 RQ_d226 20 0.037834583655302824
67 RQ_d95 21 0.03747859962204297
67 RQ_d101 22 0.03602256607320266
67 RQ_d230 23 0.035851772207647986
67 RQ_d89 24 0.03561819824144179
67 RQ_d48 25 0.031563166236379635
67 RQ_d65 26 0.030962286616695138
67 RQ_d313 27 0.029621872426346913
67 RQ_d292 28 0.029115908049273526
67 RQ_d153 29 0.02648457072983526
67 RQ_d160 30 0.026159167520797593
67 RQ_d280 31 0.025789471915167193
67 RQ_d143 32 0.022596037467162617
67 RQ_d232 33 0.021922457653402925
67 RQ_d78 34 0.020733070707771504
67 RQ_d209 35 0.02029980275215741
67 RQ_d257 36 0.020279992746237048
67 RQ_d6 37 0.01876092067255827
67 RQ_d4 38 0.015054176564386235
68 RQ_d59 0 0.1735771808180365
68 RQ_d242 1 0.1477020309102098
68 RQ_d35 2 0.14707745171764552
68 RQ_d1 3 0.14332879950610905
68 RQ_d3 4 0.14084456213826943
68 RQ_d249 5 0.13533379650732844
68 RQ_d49 6 0.10483621882688733
68 RQ_d80 7 0.104077621228245
68 RQ_d247 8 0.09438399038987863
68 RQ_d250 9 0.07571668718007304
68 RQ_d172 10 0.07512923052764521
68 RQ_d189 11 0.06101421838886081
68 RQ_d271 12 0.05191363899225381
68 RQ_d41 13 0.037092325255982765
68 RQ_d52 14 0.036339820431966485
68 RQ_d96 15 0.03406426531083914
68 RQ_d157 16 0.03318058286049309
68 RQ_d51 17 0.03244613754863465
68 RQ_d280 18 0.025789471915167193
68 RQ_d213 19 0.02197070186511688
68 RQ_d99 20 0.01926600037121074
69 RQ_d256 0 0.16724383402333992
69 RQ_d255 1 0.12286622158342335
69 RQ_d289 2 0.12124144647206028
69 RQ_d223 3 0.108342201295361
69 RQ_d225 4 0.10714768547845765
69 RQ_d253 5 0.09433619889206882
69 RQ_d224 6 0.08675188285662722
69 RQ_d226 7 0.037834583655302824
69 RQ_d252 8 0.03547314116133536
69 RQ_d254 9 0.03351506675592389
69 RQ_d105 10 0.013597721425722705
70 RQ_d91 0 0.17232290676579154
70 RQ_d259 1 0.14921370299786443
70 RQ_d260 2 0.10748267867703058
70 RQ_d258 3 0.07919233781697178
70 RQ_d261 4 0.05685054825096942
70 RQ_d37 5 0.04843823357538646
70 RQ_d44 6 0.03571884786017153
70 RQ_d38 7 0.020228245660690092
71 RQ_d190 0 0.1628361963625273
71 RQ_d204 1 0.13992347042898098
71 RQ_d191 2 0.1290605097572429
71 RQ_d265 3 0.12178686863849214
71 RQ_d205 4 0.09579486572678467
71 RQ_d155 5 0.08440160353301177
71 RQ_d311 6 0.07039263585364769
71 RQ_d76 7 0.0669359614745626
71 RQ_d211 8 0.06482657121932049
71 RQ_d189 9 0.06101421838886081
71 RQ_d277 10 0.06049362758006903
71 RQ_d72 11 0.05942367976649554
71 RQ_d274 12 0.0593543277690028
71 RQ_d70 13 0.05812621680779913
71 RQ_d263 14 0.05664740043173483
71 RQ_d271 15 0.05191363899225381
71 RQ_d273 16 0.045960719009022794
71 RQ_d203 17 0.04557073238894893
71 RQ_d188 18 0.04002100695394397
71 RQ_d210 19 0.039659997796348566
71 RQ_d268 20 0.034870114923222235
71 RQ_d264 21 0.03448552314383894
71 RQ_d74 22 0.03422037238282154
71 RQ_d266 23 0.03182447836075182
71 RQ_d202 24 0.030137922891942125
71 RQ_d267 25 0.029684107384005575
71 RQ_d206 26 0.026736192890351694
71 RQ_d262 27 0.022515739224730227
71 RQ_d208 28 0.02194729844258266
71 RQ_d269 29 0.021643280306590067
71 RQ_d270 30 0.021090333657810448
71 RQ_d209 31 0.02029980275215741
71 RQ_d207 32 0.019065063304874497
71 RQ_d77 33 0.018184906364056654
71 RQ_d272 34 0.018062260508511285
71 RQ_d73 35 0.017934946040829843
71 RQ_d178 36 0.017040619154813568
71 RQ_d71 37 0.015750543921139726
72 RQ_d182 0 0.18655028626819023
72 RQ_d190 1 0.1628361963625273
72 RQ_d204 2 0.13992347042898098
72 RQ_d191 3 0.1290605097572429
72 RQ_d265 4 0.12178686863849214
72 RQ_d205 5 0.09579486572678467
72 RQ_d155 6 0.08440160353301177
72 RQ_d311 7 0.07039263585364769
72 RQ_d76 8 0.0669359614745626
72 RQ_d211 9 0.06482657121932049
72 RQ_d189 10 0.06101421838886081
72 RQ_d277 11 0.06049362758006903
72 RQ_d72 12 0.05942367976649554
72 RQ_d274 13 0.0593543277690028
72 RQ_d70 14 0.05812621680779913
72 RQ_d263 15 0.05664740043173483
72 RQ_d286 16 0.05579476660997851
72 RQ_d271 17 0.05191363899225381
72 RQ_d287 18 0.05054951391117819
72 RQ_d273 19 0.045960719009022794
72 RQ_d203 20 0.04557073238894893
72 RQ_d184 21 0.04103339973984244
72 RQ_d188 22 0.04002100695394397
72 RQ_d210 23 0.039659997796348566
72 RQ_d285 24 0.03700742630849992
72 RQ_d268 25 0.034870114923222235
72 RQ_d264 26 0.03448552314383894
72 RQ_d74 27 0.03422037238282154
72 RQ_d185 28 0.03282972958481308
72 RQ_d266 29 0.03182447836075182
72 RQ_d202 30 0.030137922891942125
72 RQ_d267 31 0.029684107384005575
72 RQ_d206 32 0.026736192890351694
72 RQ_d283 33 0.024623016815086534
72 RQ_d262 34 0.022515739224730227
72 RQ_d208 35 0.02194729844258266
72 RQ_d269 36 0.021643280306590067
72 RQ_d270 37 0.021090333657810448
72 RQ_d209 38 0.02029980275215741
72 RQ_d207 39 0.019065063304874497
72 RQ_d77 40 0.018184906364056654
72 RQ_d272 41 0.018062260508511285
72 RQ_d73 42 0.017934946040829843
72 RQ_d178 43 0.017040619154813568
72 RQ_d71 44 0.015750543921139726
72 RQ_d183 45 0.014543913291531794
72 RQ_d186 46 0.014050086362858203
73 RQ_d190 0 0.1628361963625273
73 RQ_d204 1 0.13992347042898098
73 RQ_d191 2 0.1290605097572429
73 RQ_d265 3 0.12178686863849214
73 RQ_d205 4 0.09579486572678467
73 RQ_d155 5 0.08440160353301177
73 RQ_d311 6 0.07039263585364769
73 RQ_d76 7 0.0669359614745626
73 RQ_d211 8 0.06482657121932049
73 RQ_d189 9 0.06101421838886081
73 RQ_d277 10 0.06049362758006903
73 RQ_d72 11 0.05942367976649554
73 RQ_d274 12 0.0593543277690028
73 RQ_d70 13 0.05812621680779913
73 RQ_d263 14 0.05664740043173483
73 RQ_d234 15 0.05296315809090463
73 RQ_d271 16 0.05191363899225381
73 RQ_d273 17 0.045960719009022794
73 RQ_d203 18 0.04557073238894893
73 RQ_d188 19 0.04002100695394397
73 RQ_d210 20 0.039659997796348566
73 RQ_d268 21 0.034870114923222235
73 RQ_d264 22 0.03448552314383894
73 RQ_d74 23 0.03422037238282154
73 RQ_d266 24 0.03182447836075182
73 RQ_d202 25 0.030137922891942125
73 RQ_d267 26 0.029684107384005575
73 RQ_d206 27 0.026736192890351694
73 RQ_d262 28 0.022515739224730227
73 RQ_d208 29 0.02194729844258266
73 RQ_d269 30 0.021643280306590067
73 RQ_d270 31 0.021090333657810448
73 RQ_d209 32 0.02029980275215741
73 RQ_d207 33 0.019065063304874497
73 RQ_d77 34 0.018184906364056654
73 RQ_d272 35 0.018062260508511285
73 RQ_d73 36 0.017934946040829843
73 RQ_d178 37 0.017040619154813568
73 RQ_d71 38 0.015750543921139726
74 RQ_d275 0 0.15791356645487029
74 RQ_d219 1 0.12341663114803207
74 RQ_d128 2 0.12021697754276985
74 RQ_d220 3 0.11898902125881676
74 RQ_d177 4 0.11432178990015959
74 RQ_d108 5 0.10228783944406805
74 RQ_d279 6 0.07208415608493904
74 RQ_d277 7 0.06049362758006903
74 RQ_d217 8 0.05026233484611031
74 RQ_d218 9 0.03894676967612914
74 RQ_d41 10 0.037092325255982765
74 RQ_d276 11 0.036323145469832
74 RQ_d96 12 0.03406426531083914
74 RQ_d295 13 0.03237660823819613
74 RQ_d278 14 0.022995117977785164
74 RQ_d99 15 0.01926600037121074
75 RQ_d144 0 0.19805690047831884
75 RQ_d242 1 0.1477020309102098
75 RQ_d168 2 0.12630514957746758
75 RQ_d260 3 0.10748267867703058
75 RQ_d80 4 0.104077621228245
75 RQ_d228 5 0.1036399826971484
75 RQ_d302 6 0.10068919347020348
75 RQ_d130 7 0.10023708318463904
75 RQ_d314 8 0.09254566258471834
75 RQ_d187 9 0.07919026287824465
75 RQ_d279 10 0.07208415608493904
75 RQ_d277 11 0.06049362758006903
75 RQ_d299 12 0.06035212430410981
75 RQ_d286 13 0.05579476660997851
75 RQ_d221 14 0.05397914995234072
75 RQ_d287 15 0.05054951391117819
75 RQ_d114 16 0.048701992241148725
75 RQ_d315 17 0.047304845453384654
75 RQ_d97 18 0.04707284844061107
75 RQ_d282 19 0.04275581392247298
75 RQ_d284 20 0.041868588985827314
75 RQ_d218 21 0.03894676967612914
75 RQ_d294 22 0.038314437757957065
75 RQ_d100 23 0.03789595657023575
75 RQ_d226 24 0.037834583655302824
75 RQ_d95 25 0.03747859962204297
75 RQ_d101 26 0.03602256607320266
75 RQ_d230 27 0.035851772207647986
75 RQ_d89 28 0.03561819824144179
75 RQ_d288 29 0.03424871981845014
75 RQ_d48 30 0.031563166236379635
75 RQ_d65 31 0.030962286616695138
75 RQ_d313 32 0.029621872426346913
75 RQ_d292 33 0.029115908049273526
75 RQ_d281 34 0.028840922078689497
75 RQ_d153 35 0.02648457072983526
75 RQ_d160 36 0.026159167520797593
75 RQ_d280 37 0.025789471915167193
75 RQ_d283 38 0.024623016815086534
75 RQ_d143 39 0.022596037467162617
75 RQ_d232 40 0.021922457653402925
75 RQ_d78 41 0.020733070707771504
75 RQ_d209 42 0.02029980275215741
75 RQ_d257 43 0.020279992746237048
75 RQ_d6 44 0.01876092067255827
75 RQ_d4 45 0.015054176564386235
76 RQ_d144 0 0.19805690047831884
76 RQ_d200 1 0.14881253811697506
76 RQ_d242 2 0.1477020309102098
76 RQ_d309 3 0.1328427684309273
76 RQ_d168 4 0.12630514957746758
76 RQ_d223 5 0.108342201295361
76 RQ_d260 6 0.10748267867703058
76 RQ_d80 7 0.104077621228245
76 RQ_d228 8 0.1036399826971484
76 RQ_d302 9 0.10068919347020348
76 RQ_d130 10 0.10023708318463904
76 RQ_d314 11 0.09254566258471834
76 RQ_d187 12 0.07919026287824465
76 RQ_d110 13 0.07668788677331398
76 RQ_d279 14 0.07208415608493904
76 RQ_d277 15 0.06049362758006903
76 RQ_d299 16 0.06035212430410981
76 RQ_d286 17 0.05579476660997851
76 RQ_d221 18 0.05397914995234072
76 RQ_d287 19 0.05054951391117819
76 RQ_d114 20 0.048701992241148725
76 RQ_d315 21 0.047304845453384654
76 RQ_d97 22 0.04707284844061107
76 RQ_d107 23 0.04540113444262425
76 RQ_d282 24 0.04275581392247298
76 RQ_d284 25 0.041868588985827314
76 RQ_d218 26 0.03894676967612914
76 RQ_d294 27 0.038314437757957065
76 RQ_d100 28 0.03789595657023575
76 RQ_d226 29 0.037834583655302824
76 RQ_d95 30 0.03747859962204297
76 RQ_d101 31 0.03602256607320266
76 RQ_d230 32 0.035851772207647986
76 RQ_d89 33 0.03561819824144179
76 RQ_d288 34 0.03424871981845014
76 RQ_d48 35 0.031563166236379635
76 RQ_d65 36 0.030962286616695138
76 RQ_d313 37 0.029621872426346913
76 RQ_d292 38 0.029115908049273526
76 RQ_d281 39 0.028840922078689497
76 RQ_d153 40 0.02648457072983526
76 RQ_d160 41 0.026159167520797593
76 RQ_d280 42 0.025789471915167193
76 RQ_d283 43 0.024623016815086534
76 RQ_d143 44 0.022596037467162617
76 RQ_d232 45 0.021922457653402925
76 RQ_d78 46 0.020733070707771504
76 RQ_d209 47 0.02029980275215741
76 RQ_d257 48 0.020279992746237048
76 RQ_d6 49 0.01876092067255827
76 RQ_d4 50 0.015054176564386235
77 RQ_d144 0 0.19805690047831884
77 RQ_d242 1 0.1477020309102098
77 RQ_d168 2 0.12630514957746758
77 RQ_d260 3 0.10748267867703058
77 RQ_d80 4 0.104077621228245
77 RQ_d228 5 0.1036399826971484
77 RQ_d302 6 0.10068919347020348
77 RQ_d130 7 0.10023708318463904
77 RQ_d314 8 0.09254566258471834
77 RQ_d187 9 0.07919026287824465
77 RQ_d279 10 0.07208415608493904
77 RQ_d277 11 0.06049362758006903
77 RQ_d299 12 0.06035212430410981
77 RQ_d221 13 0.05397914995234072
77 RQ_d114 14 0.048701992241148725
77 RQ_d315 15 0.047304845453384654
77 RQ_d97 16 0.04707284844061107
77 RQ_d218 17 0.03894676967612914
77 RQ_d294 18 0.038314437757957065
77 RQ_d100 19 0.03789595657023575
77 RQ_d226 20 0.037834583655302824
77 RQ_d95 21 0.03747859962204297
77 RQ_d101 22 0.03602256607320266
77 RQ_d230 23 0.035851772207647986
77 RQ_d89 24 0.03561819824144179
77 RQ_d48 25 0.031563166236379635
77 RQ_d65 26 0.030962286616695138
77 RQ_d313 27 0.029621872426346913
77 RQ_d292 28 0.029115908049273526
77 RQ_d153 29 0.02648457072983526
77 RQ_d160 30 0.026159167520797593
77 RQ_d280 31 0.025789471915167193
77 RQ_d143 32 0.022596037467162617
77 RQ_d232 33 0.021922457653402925
77 RQ_d78 34 0.020733070707771504
77 RQ_d209 35 0.02029980275215741
77 RQ_d257 36 0.020279992746237048
77 RQ_d6 37 0.01876092067255827
77 RQ_d4 38 0.015054176564386235
78 RQ_d144 0 0.19805690047831884
78 RQ_d242 1 0.1477020309102098
78 RQ_d168 2 0.12630514957746758
78 RQ_d260 3 0.10748267867703058
78 RQ_d80 4 0.104077621228245
78 RQ_d228 5 0.1036399826971484
78 RQ_d302 6 0.10068919347020348
78 RQ_d130 7 0.10023708318463904
78 RQ_d300 8 0.09740778727909194
78 RQ_d314 9 0.09254566258471834
78 RQ_d187 10 0.07919026287824465
78 RQ_d279 11 0.07208415608493904
78 RQ_d277 12 0.06049362758006903
78 RQ_d299 13 0.06035212430410981
78 RQ_d221 14 0.05397914995234072
78 RQ_d114 15 0.048701992241148725
78 RQ_d315 16 0.047304845453384654
78 RQ_d97 17 0.04707284844061107
78 RQ_d218 18 0.03894676967612914
78 RQ_d294 19 0.038314437757957065
78 RQ_d100 20 0.03789595657023575
78 RQ_d226 21 0.037834583655302824
78 RQ_d296 22 0.03758617953612138
78 RQ_d95 23 0.03747859962204297
78 RQ_d101 24 0.03602256607320266
78 RQ_d230 25 0.035851772207647986
78 RQ_d89 26 0.03561819824144179
78 RQ_d48 27 0.031563166236379635
78 RQ_d65 28 0.030962286616695138
78 RQ_d313 29 0.029621872426346913
78 RQ_d292 30 0.029115908049273526
78 RQ_d153 31 0.02648457072983526
78 RQ_d160 32 0.026159167520797593
78 RQ_d280 33 0.025789471915167193
78 RQ_d143 34 0.022596037467162617
78 RQ_d232 35 0.021922457653402925
78 RQ_d78 36 0.020733070707771504
78 RQ_d209 37 0.02029980275215741
78 RQ_d257 38 0.020279992746237048
78 RQ_d99 39 0.01926600037121074
78 RQ_d6 40 0.01876092067255827
78 RQ_d4 41 0.015054176564386235
79 RQ_d301 0 0.13971217375947254
79 RQ_d302 1 0.10068919347020348
79 RQ_d300 2 0.09740778727909194
79 RQ_d155 3 0.08440160353301177
79 RQ_d250 4 0.07571668718007304
79 RQ_d299 5 0.06035212430410981
79 RQ_d298 6 0.05054691835146135
79 RQ_d244 7 0.04607266006704404
79 RQ_d188 8 0.04002100695394397
79 RQ_d41 9 0.037092325255982765
79 RQ_d96 10 0.03406426531083914
80 RQ_d303 0 0.18223559077189
80 RQ_d304 1 0.16286518514285336
80 RQ_d306 2 0.13811920934510447
80 RQ_d309 3 0.1328427684309273
80 RQ_d305 4 0.12263671072450648
80 RQ_d231 5 0.12194978528211542
80 RQ_d228 6 0.1036399826971484
80 RQ_d307 7 0.1018555731179668
80 RQ_d230 8 0.035851772207647986
80 RQ_d227 9 0.028807528769338068
81 RQ_d309 0 0.1328427684309273
81 RQ_d311 1 0.07039263585364769
81 RQ_d310 2 0.022488617889258572
81 RQ_d308 3 0.015214526886065635
81 RQ_d312 4 0.014728998769146646
82 RQ_d238 0 0.15723445032732503
82 RQ_d112 1 0.15513385781228597
82 RQ_d259 2 0.14921370299786443
82 RQ_d240 3 0.147646920537617
82 RQ_d316 4 0.12716569080208223
82 RQ_d260 5 0.10748267867703058
82 RQ_d121 6 0.10581466184259394
82 RQ_d115 7 0.09325347322855204
82 RQ_d314 8 0.09254566258471834
82 RQ_d258 9 0.07919233781697178
82 RQ_d123 10 0.06277495480347367
82 RQ_d189 11 0.06101421838886081
82 RQ_d113 12 0.05207617837429036
82 RQ_d116 13 0.05206066537784309
82 RQ_d114 14 0.048701992241148725
82 RQ_d315 15 0.047304845453384654
82 RQ_d317 16 0.02971603691840038
82 RQ_d257 17 0.020279992746237048
