1 3d21474fff4e406c9db2984d5edf647b 0 0.09745751790145768
1 1539268e3f1d41c9abcaa277b23f51d9 1 0.03881309457809505
1 37d53c33110a4231807e71e377f08377 2 0.037502751908826897
1 5fab9e1658d54ae88edf5fb6cdbedcaf 3 0.03493898779849981
1 6e421f1539b1457b853712d81be87743 4 0.031322503524958335
1 2e4321c5105840c8b6612f87dc4aba13 5 0.03118927359559663
1 93689ea1c0ec4272b41d7b259cb47890 6 0.02651035844559773
1 a4a1509f5859431894dba74120980cd5 7 0.024299982808813667
1 076007e0bcd049a885a464466c057729 8 0.02317618467634712
1 aa31a4d64bbf4accb37f37762307634f 9 0.01859428611599755
2 b7df3eb4dd744a069967b570f5ee988a 0 0.17266698442337347
2 11cc616c48ba41e996fdd345c8bfbb82 1 0.16485938989042814
2 9b0d634a21484b5288f3e70203cb30a3 2 0.1514188724247513
2 efc865ca59cd4282ad3ba983084d7373 3 0.13192975011959535
2 b10d089dd8e44064b83310eeebe148c5 4 0.08972660555863572
2 574d68afdf82423e8b12bc97573e0343 5 0.08234737646698462
2 a9b25287304a4863b65e28b58c8f67df 6 0.07430717753011107
2 ab99411c25fa45ef844d620ead943ba0 7 0.06776581624171078
2 27f7ef97e08a41b48637751c38978d2f 8 0.061670227244217474
2 4a0bc6c29c8d4ac995941d8294e05d21 9 0.042154824896928324
3 f449e7fd662e4a5f8f46fe67a20f2a85 0 0.15243930465506347
3 f3e714bd8f184d5a808a26f6ae032571 1 0.14145323598233625
3 37ec28e588c14146a45107efa61f19bc 2 0.1267923829167587
3 63175e0a62614f568ba8bb88537dfd97 3 0.09813904095792644
3 da9ec234ec4e43fd984bb283bf3dd318 4 0.09585152287188319
3 46884cd621a1487194df7fa0bf6d2905 5 0.08582815786146322
3 ed26e8df2ee94364943c27725354d2f4 6 0.08129606914841261
3 ba5d415a2a8347ee9dc80dfae68b1652 7 0.07898199939189368
3 06c8038c50714812ae1fb562865444a1 8 0.03911429645634254
3 0d96bcf24c684d20b1e041f2d1fa26c4 9 0.03698456048372684
4 f449e7fd662e4a5f8f46fe67a20f2a85 0 0.15243930465506347
4 f3e714bd8f184d5a808a26f6ae032571 1 0.14145323598233625
4 37ec28e588c14146a45107efa61f19bc 2 0.1267923829167587
4 63175e0a62614f568ba8bb88537dfd97 3 0.09813904095792644
4 da9ec234ec4e43fd984bb283bf3dd318 4 0.09585152287188319
4 46884cd621a1487194df7fa0bf6d2905 5 0.08582815786146322
4 ed26e8df2ee94364943c27725354d2f4 6 0.08129606914841261
4 ba5d415a2a8347ee9dc80dfae68b1652 7 0.07898199939189368
4 06c8038c50714812ae1fb562865444a1 8 0.03911429645634254
4 0d96bcf24c684d20b1e041f2d1fa26c4 9 0.03698456048372684
5 e7eb1bbe37544a359b9e1ae156ab8d61 0 0.18689010841507359
5 dc4b1d8384ca42a09958d810df8a75ed 1 0.12063904271556529
5 3888836f228d4701913acdd11c688f86 2 0.11375799509445289
5 c8d52a8560894eb4affaa083af21edbb 3 0.060433439266518486
5 6cafb593d31048dd835b465b65bc5d95 4 0.047764161435256074
5 53c2f695938b4c18a13569824b1126a8 5 0.046766274357368236
5 eb80e423fa8f4e13bb3c9644857f0dc5 6 0.03660256049144453
5 6a8ebcd3c4b043a1991e13edf941e705 7 0.03640650141742501
5 49b65e6f47664e7a96992aac5cac8de4 8 0.03325992851741891
5 8180b99992b34e2ab0813e50222884ba 9 0.02897208272824787
7 f6ff10dd29234236b9a0499d15434965 0 0.17497599132939817
7 f1ca05b1778b45e6821ef78ccb50bd9a 1 0.11226759301505938
7 7e662f6f6de14b51ae64835db6a75b06 2 0.10648382580948067
7 556e237da6184e809d2f58e55f0b1a8d 3 0.09393058986968751
7 0c867c5219dc401982d443b75f3333cb 4 0.07688779768813424
7 29a5946baec24954bc35c3cea7d23bd5 5 0.05448564626825143
7 1f51dbd6b6f344008797c89ad05ebf6b 6 0.05030392039081805
7 88a2c907a6d84aa19f425555ba6ee70a 7 0.050284838499760114
7 b92be1393bec4f3d9e9f92d3e9879228 8 0.04508093744348375
7 051cf7f154464e348f5ac092465df3d0 9 0.024078317104593315
8 93dd30c221444646886d31cb21163e03 0 0.14560531664428258
8 ec9149d919d04a9d8889a9c65a63e97d 1 0.09775182721051522
8 bd96ff4a3f16489b806e4da4b8ae83df 2 0.07264693982959325
8 675847345d524d649d857325e3d8f074 3 0.0687100416314989
8 ddfbc3d434094774b50dcba7e73ae109 4 0.06254843185632387
8 bc7e8ba1666a45c290fd0b53a6f61381 5 0.06249442686018023
8 9e26254744454f9cb09c421b7bdd7c54 6 0.05129843097750446
8 0b4f3b3fb3f3455cac18d6a95d9e5e70 7 0.048557267151238676
8 351660e7d69e49ef83b4e12869150098 8 0.038134566978625106
8 14c1e15885964f79ac500b34532646ee 9 0.021594081623061635
9 b7d63b287cc5415d91740c9c0e15275f 0 0.13954887985426248
9 a0d08af8309344499a7fd99bee32b1c3 1 0.09549746287271578
9 9d7dfe70bf4045b08c00f1b6c911b65a 2 0.07959344988123901
9 fd92c6d4484848d991b24541181e46ac 3 0.07654974112547687
9 3e0d033be8854200b2587047a59a9bc1 4 0.07149959680149746
9 8af8aee654f1467da7493da72c6746d6 5 0.057492123078016925
9 3fd7806d5f3b4b3da2aeb8d7811573d4 6 0.052940077227027094
9 e88950d2a3784721b573af82ddae2156 7 0.05034486081821247
9 f1e918e8736f4b82bf677b3d60b4352f 8 0.046297685285694445
9 fdfd2ff89afd4a62b5e3f9e2ce04f6f8 9 0.025508391283649165
10 4275a5a812804e7bbeed17bf0b60d98e 0 0.21147997336822424
10 6d85dfc054494f45b9e1480e1ad985de 1 0.18433618328692902
10 dd0e03193afd4b20981d7daf32574f41 2 0.18433618328692902
10 e742bbc140494fcb923aba9e69fe3ada 3 0.16334691800820964
10 4f0b2fe10f45421a82bfb3a8f6e99489 4 0.1526313911645745
10 0ab8bde389d74b6387c6228ce08a494a 5 0.13100274294862663
10 b6cc42cd0a9845a7b548e23567797249 6 0.12818565522802686
10 d5a045b6b04548b8b13ea5fe42324fdf 7 0.1183506116564821
10 0adf1bfc413f4006a784883a270739f7 8 0.10925614012496464
10 8accf1cfc33b481bbaddda835dfa1088 9 0.08464835524644324
10 53b01958bf2b4cbc9a0cd435fcd2bbab 10 0.08295894013480597
10 0ba8561c4e974774bce0f46d193b2b04 11 0.07695635366367894
10 edc4bc59d195431abd0a42bc698f66a5 12 0.0704567401424687
10 1e61af19636b460582e7a73e007256b1 13 0.06588915865933641
10 eca57b66dd654eb2bfcb6a11126df907 14 0.0651262829143003
10 26847fd79ab94f23b96f92d0eb6b5761 15 0.0566132356224385
10 d2ff200c9426468abedfec2d55ef7c3e 16 0.05572509016752116
10 b74a5bc7d62a460b8f320798f71f68a6 17 0.054703152663477826
10 8d8c7a4c1bab4764b1bd6c5d221b75f4 18 0.05067554946208054
10 8319f06b76e44272a788396a3ffb2b84 19 0.04641744320379322
10 e8d9ccefa28f4d9ca57fcf3d565d33ea 20 0.040361734528635555
10 353c2c7e14ad4684886f2fd93b48ceb4 21 0.040154855592307956
10 ceefeabc761746269644fe7fe958fd96 22 0.038715176333253366
10 a8a26a46a58e407fbada173fb455c851 23 0.03523493065022798
10 f8bad5dc019545608f6380c617e9ca93 24 0.034676459005510335
10 e090020457724657a2c7b59bb8f8917a 25 0.0331818127332659
10 0d45151364534f8c9cb0c52bd25faba9 26 0.032253213518401054
10 6a0c07ff247c41199c6cde789cb21527 27 0.028244062181211834
10 4cf6b73d303243bd852c0f563cbd5e7b 28 0.02712973142826486
10 cb3c999d4e14477cb8b8aec14744b571 29 0.023565714809901005
11 7528da755e214ad2bae440d583e6bdc9 0 0.1823208971618865
11 e4e46c5e176846b9ad4011bbbdb1ec25 1 0.17023474879265188
11 003a2ff242ec4a0480ce0ea5cc56c82e 2 0.1689027739439993
11 934b5d45c47a44dab2eba7f81b750885 3 0.14691544050183045
11 c068a1961184473ca0ee0d907fb755ca 4 0.14337966945846678
11 ad33b9f96f274b8592f8d1816caabb25 5 0.13643189935312128
11 aef0e2d9367b43719cf10ed89a132e05 6 0.12543326032432342
11 a033dff2822b4e319a6c203f45e8aaab 7 0.07983332034332809
11 3ec86c1ba7cb4ab087ec11551e36bb7c 8 0.07983332034332809
11 466d397cac4c4184837c358a97e93296 9 0.0568586820107798
11 fc488277067244c9b64baca2b0b954eb 10 0.056476485842472376
11 60a9913c7dac4010aa4043aaab240f37 11 0.056476485842472376
11 8786fac9c4c54f20b4ebcf52fecad2dd 12 0.05046182700056926
11 dd4840b155ca4c7d91ba20b3d8c82cea 13 0.03876704602881602
11 304d490b8a0d4f86ae79192499b14a16 14 0.03835165838610609
11 25e5dc9bb82f47a98ce80e8e824d2873 15 0.03390877694785902
11 2323b993b5364e3badc31578529da6f6 16 0.033691202645547
11 fea003bbcb2d4406979d02a5f090e865 17 0.027490463298593986
11 1d059c40b1044053b21c4c1317af15c4 18 0.0253498112619656
11 2320761f7fc04351980ba2aced39052f 19 0.024785776895151324
11 f99e14c2a58a45749388f21dbdb79dc9 20 0.023743318247096582
11 2b73a066c03d449a85f47237ea7b8b29 21 0.02273924219287806
11 99bc2978fbcc4695b6f57e02cf368139 22 0.02273924219287806
11 45491491dab14032934b39f04a9842a7 23 0.01672644702321351
11 e54d1496aabd41fe8914123631a5f63f 24 0.015281352174081102
12 9061a7d00c5f43d7b449429f60e10dca 0 0.13482969957510949
12 f593e1b4144f4faab765aa9240aa0df7 1 0.09415091818158282
12 904f1a7f81bc4f0c9a5af76dcb97a8eb 2 0.060456712533805274
12 ccbb2774000b4adfb1d408b5fe3156ce 3 0.05069558959756884
12 e020d81b63de4d82a395c37b0ba619a6 4 0.04846125030479422
12 582507fd9ca7438b8c009329248a2280 5 0.04081866998989455
12 b410cd5f2d904933a41564f57e82e694 6 0.03891090718969242
12 77ba399066324253bab244a40560dc6e 7 0.033227382160329756
12 50b22c87031a459495e1a9a6647a181f 8 0.0332008757612445
13 6215ba451c7349a5a8056353a2969472 0 0.18269186602537218
13 41af5f531ad04a188a713b52445382b6 1 0.13143464710360458
13 75d55970c0ac4b969d9cf9932303a23d 2 0.10815365349953375
13 bf225f2a75fb43e6a0d2c6da620fc05f 3 0.08577880450068424
13 6850c60bfa534a619700fd6d355663f3 4 0.060206603192251684
13 6401d0e78c32481c9b900bb204888796 5 0.0474303566106814
13 50b22c87031a459495e1a9a6647a181f 6 0.0332008757612445
13 9916a6f5f6794da7b98d2250108c546f 7 0.030329592527399786
13 50ef122a45394a9a8fb362927f190a39 8 0.020625211620118905
14 75cb29c685544c8d9b5b71efbc74c5fa 0 0.19068701992878748
14 130375aca40d4376839f3e344fe22961 1 0.18773517436939963
14 c21589174bfe4abea83d5dcea2445eee 2 0.16824178146308164
14 a30fe4584b7145b0ac372314aabee634 3 0.16182422988222184
14 d87ff84b58b04f60ae3778a289c8f557 4 0.11413103135143395
14 820352855bdb4702996af64c9f8184ba 5 0.10229559594229169
14 078473b0af9345a8811f0f52cc73d4ad 6 0.09884765139632404
14 1e048d3430be41e09dc0d1ce6f81812d 7 0.09692947994894341
14 fabcb5d2165045fbb092bbde96088cd6 8 0.08816171695155378
14 a2d9f82eecc8470698bbd7591e82b2fe 9 0.0695651502892643
14 8c28cf7d57fd427e92705e9eb33b8883 10 0.06859653116527674
14 eb03eb5aeb194bc5b6f9a67846a9a79a 11 0.06790402225140177
14 148f600c9d034a9b905099716d5f9b71 12 0.06320222241355045
14 55f4eeed2d75461cb7d69f2bf29184d7 13 0.05995178185347958
14 7388d7e45d6e4ce391915bd0f1c146b1 14 0.044189057098857565
14 f7aee3e751df4b5aaefbdbdfdd8667cb 15 0.041304435781613184
14 4df09766d90e4100832c03e00e83c739 16 0.039975841196777946
14 3f0a7f2bf10f4274a3ff23f3ca410c0f 17 0.034134605733689184
14 7fe2aebf0a9640569f647abc6564b8fa 18 0.028338600162236213
14 8f28edd90acd4f0a88fca1a9d82c9d32 19 0.027702899298094417
14 4687679c7fd844ab8e956b005bb60c2f 20 0.027702899298094417
14 72c633533cf747ecaa6602ae0dd10f00 21 0.021752593737659583
14 5202a34bcca342b9addc43f01e193888 22 0.01723014971707432
15 0eb666f9d4b94ad29c78076ef329262f 0 0.1711280740491553
15 7ad04af50f2b4ec094c8d3b2a7890ec0 1 0.13176043511946073
15 635461b888c54f18912a815a21b8b75e 2 0.11862150811146573
15 5464dfecf49f43a3b7b845ac9337db00 3 0.08746603904035007
15 df70d71df9c04d30a6abd20f2b2fb22a 4 0.060600460516205636
15 980c856b6fee4f378cf2821bb1380d79 5 0.0578701542784066
15 9469c2ca2e5641799d785bd5123da216 6 0.04989406717558578
15 e7b48202114a49918d5e1f6dac3f9fee 7 0.04181698337337542
15 abf4f09c15364084bca73be5b5788e73 8 0.03611267123058268
15 7a2ea7299ed842149e439be950ed070d 9 0.017675501361312077
17 8b0ed7649afa4866bafc61874b539d27 0 0.18493163788499603
17 f3ddc301d5074c08adaf3286461eae74 1 0.18180072888607188
17 0eb666f9d4b94ad29c78076ef329262f 2 0.1711280740491553
17 778657e9feb049c9b83ce080ad0c9b6c 3 0.16838191150686507
17 c1b3ecb390c24d2ab5ce7ac8f166c571 4 0.16242297420132532
17 ebc8779d15674ef287e5ab02766b1b3e 5 0.13980799820250772
17 446873a493f342c0bd464b571e004ed2 6 0.13396008143671756
17 70de46a9023943f580535d03fa6b7119 7 0.12263590338471082
17 36b8e5c22cee4e98a6216d0cfadce99b 8 0.1211310748222399
17 103b42441931432083d4b64bcaa8cc00 9 0.10680815005038023
17 3347f9767d9d410b883dbec3bc92ed0d 10 0.0912741099518001
17 112a43d92cb84202a2f14efbc1b94d28 11 0.0880673562834752
17 5464dfecf49f43a3b7b845ac9337db00 12 0.08746603904035007
17 3004726c594744759068a5197266e520 13 0.08731259920778602
17 d071dd42b8134a22bfd4d27224eceed6 14 0.0641073521851034
17 e1e10080d5ff40c6b6953d08ff3a3b39 15 0.054622807263347097
17 1947cee4e78f4f55b49bb16943fed257 16 0.047545598707586754
17 e7f29eadce2342b4b4df213066d64988 17 0.04669037309872946
17 49ede9c2f4de41df92b19974a86999b8 18 0.04440282860437512
17 c58335a9cebd43b59e0377a7c5276c06 19 0.03737033309187669
17 69f0dce303eb42a8af80527a5538d207 20 0.02245515855912948
17 05528d8ced3f4eb19a95851eef8a3841 21 0.020934405785081732
17 e6592d46bd5b4cc9926ee6d0c89b4910 22 0.019933147874916277
17 7a2ea7299ed842149e439be950ed070d 23 0.017675501361312077
17 9379dd016b9042dd8f18446b6ca436bb 24 0.015096002613355518
18 96333b60d35040bd8ad701e301a3f19f 0 0.1450087000805284
18 fdc1c6aa6bc74780b01bb95fb581a154 1 0.13911635699028227
18 2691c0bcba834b73adf38051aae2fcbb 2 0.0828174670397737
18 0062fe2223e8446eb743d84c1c23c59d 3 0.06393065794833189
18 e1520fe2c89d421f885a7512b95e27d6 4 0.03693473177334856
18 ef121d3b42e144f7939b4f64c3082a1f 5 0.0328901027565411
18 fb1514cabf55419f8ef287aa3be810d4 6 0.030329679297564728
20 c8df30544d574a4f8c7314e80da212b9 0 0.1547726826595924
20 6e533d6bd0b64ada8fef2dc674bd2b62 1 0.14646183626038245
20 c78e035afc0541b9ba77eb435f9690f9 2 0.12414899397593163
20 bb82d084c908428b9a6373bc956726bb 3 0.0841508075753703
20 97bf55fa698849cc8cb729b09d578334 4 0.07571963736568145
20 0be26cc5f9834437944250e614e076f7 5 0.06982610212882116
20 e4a79505c4e44505a2ad4e361899e4b9 6 0.05375654675307729
20 c5cb37ff11be4063b0bef1099a497964 7 0.052863836432960255
20 b5a7373ad3954ed88d5ba945c285cc80 8 0.04512085549197806
20 8e57751570dc476f92596430b225a5b4 9 0.04181521024391766
20 fc70cec106c540f78e44502bef2b5063 10 0.03957225052388576
20 910455d35240429bb7bee01008381749 11 0.037984579089579834
20 4312d838d93f47b19242d91cba78fd3c 12 0.035339930095053
20 23f67bd55cb94285a6e2434047484ad9 13 0.0325168740961508
20 d64e7914d50942419b3a19b88a283ac7 14 0.029528743517349083
20 f908b4aaa29c48bcb9f4d5e5c421c3ac 15 0.02585021291694233
20 020606767bdf4e9eb6eed394fb044f87 16 0.02404732506524157
20 93c79cba7f634b10b8d8fce5eaf7bcd2 17 0.01909997886472847
20 f91a72886e0844548b6fb9516ba6a1c4 18 0.018816727092778665
20 70eb0f514783476f8c9fd23f44c472e6 19 0.01822775950769589
20 a5974a4524fe417a981b23bd9fe27e42 20 0.017712101394150886
20 b018fd0cee2c42149662e63fd3039b54 21 0.017385536219426023
20 39ae1ad7d1a6458598b2fce3d3152530 22 0.017155525488906705
20 80110386cf054ca5bfc874de7f814009 23 0.016793261936535363
20 eba0c2ece84b488785389228c4b62929 24 0.015243286479977762
21 f3cbc0f94c654d71b4fd0b960f26e8f1 0 0.17068230175824833
21 3312b1e71919495e905f157ff7c99e25 1 0.14416090275231427
21 20856f170bdf48909c2cc998b3d5e385 2 0.13158180930336508
21 3021f1887b674dc6bdba809fd3158d55 3 0.1283390950605909
21 99b939b549854093aeb64372f39f1cef 4 0.08700464811975153
21 38855bc92b52454f90efe2612a1dae15 5 0.0747618682849289
21 ff06b4cc7672468dbb493f1653687abf 6 0.06882260894375418
21 692003226f804b5eb766bc54348d2afe 7 0.06508957536190926
21 fde31a2a9c1f4da2971cbdd08a3e2c5a 8 0.06392105286833319
21 b5f0fd9fd7f449fa8509c80b21155d58 9 0.03645516438950026
23 3415c3743589424c96e5496d1cac8ae5 0 0.15744440394558462
23 3ba1e02f24004bab8ae322545390429d 1 0.13791517118852512
23 d8406c5427dd4beaa478f0e0db9f6e1b 2 0.1244817839668379
23 a6748f60a46d4fa79ebe16f5210d5799 3 0.0918671576209436
23 8891216c27fb48329317370cfe10c68a 4 0.06396067288017396
23 b9ee049c1b6044db98b01f7c00491968 5 0.06174835057360222
23 06dca9b6b5054f17ab345ad50c1494e3 6 0.06141582466580667
23 84da4298706b4596a9542fba9957e5a8 7 0.04391336187649043
23 03b07a25779841769cf3a6d239543d34 8 0.03449133297227492
23 706d497fa89f4645930acea7b03f0a3b 9 0.03447610669463359
24 e59f98cd14cc4079b80da04ce3ebeaae 0 0.12544522706185524
24 e34ed70e912f46878cedf6df13bbadc6 1 0.10695856424501853
24 31359039186b4abf816d2bc078910f71 2 0.09935988963358514
24 7e5e72efd22c44a3a77c5faef46ae3b5 3 0.09550641906278529
24 471dd3b553504178ab1b2f56ee368bc9 4 0.09440246111716606
24 01007638d3f54d7d870635531ff637c7 5 0.06788088102567034
24 453356bb39924827a9d57ffd2c987734 6 0.056463402410643786
24 2bdb7b61d4914d35857145b2f5729b66 7 0.0518677979368475
24 5fc01413019d439ab8188388595dc2ef 8 0.04764679158300144
24 e4946a6f8c18489cad3b201c39448957 9 0.034075986828339545
28 b92f06093cbd47b0b014877b3b1fc6dd 0 0.17559842767614972
28 834e411f02f446e9ba57bc7483995924 1 0.15359716573619794
28 c9e8f13c4bda43d0aea3103898d1e3ed 2 0.10329924003199335
28 6114dde8b49e4cdca0bc2089b9bf9316 3 0.09896506274735323
28 c4b7b7aebe89428bbc3f7f2be37da903 4 0.09241396056478297
28 2db6179bb5c34b54ac92301d09c4b516 5 0.09203826084099942
28 63aa4e855ced4e6eac0971ebd142b5ac 6 0.09129524414588998
28 b367b7124a4848af9407751e3297f336 7 0.08962680477847618
28 a7e7cd6df3f8462bb0baddea292ebed9 8 0.0825736126953285
28 714587f8b9f84c01b680eefb6611c8b5 9 0.06486414647336106
28 5f79d8bae371446bb98df3fb71471ddb 10 0.06339204158092508
28 16cb024cfcce48a9a818746355ea46be 11 0.05385304272173691
28 4fddc9eb8dbd4cb0b5c23128585c639b 12 0.05005306784393858
28 1465055ea63d49f08bb2598a0787d3c7 13 0.048601953786189526
28 437152cbea2a43e3a78422639b969b5d 14 0.04673137011536187
28 2ce9e2aa8d6a43639c2e22daed05e2c6 15 0.045966547700538124
28 18b4c9b864be4e53921e86896ce107f6 16 0.04295434028726986
28 7bdf3f8afbbc479d90ad4d888073fdec 17 0.040149128761421064
28 4ba06162dcfa4e2cac4eca824f041ff8 18 0.028410345884496906
28 a67118e7b0544925b4b36fb466217541 19 0.02727972686254187
28 cd1d908841dd4c84b7a2def51f4a9411 20 0.027176953261078697
28 eb5bcec37f424dbeaccf57a965cf39fc 21 0.018722611644731473
28 d9c32f0bf5f24d149682f068984e8ed0 22 0.01635418415248529
29 e894ce23a6b0474c8c5b27731ca497b4 0 0.20037962461563788
29 141307bb53544f06abceddd1b74eb2ca 1 0.19342649739576048
29 54f396d61cb64461a4da07d0fb0a27c4 2 0.17102440256511567
29 45d1dbe7136c4649b94137d57d260ba9 3 0.13004617355971992
29 014a350e46564785ba380dbe9a77992c 4 0.12962776027908426
29 33d2f7503f9c4ff1bd1420869031b95c 5 0.1256341898454279
29 b9d4efb1bc334b069589bdfce55c7a2b 6 0.11385663390892524
29 e3f7e704a1b84c9797bae256e4d7e01c 7 0.11144321608615086
29 b3bbdf7fceff44b4beef841e1e81a129 8 0.10564497712610431
29 6e9cd913506b401c91fb0c3770f96869 9 0.09982517389375897
29 831fa53e981f4ab68092f21aa6a74727 10 0.07800927566184225
29 813847951fea434b826f8752d9570aec 11 0.06961461682851933
29 114c0ed637e645cf9c7c7ee6df711c84 12 0.06839325507710267
29 050ff133dc1c467b9d8b8764664c7c5b 13 0.06839325507710267
29 feba19c14ff949b5b14037453568418c 14 0.05631123772224297
29 fd3fd1ea2d5e4cc882f54604e20cd160 15 0.046519360421454464
29 aeab630e64204dc89ba4b7d8c4922b2d 16 0.043972610808689944
29 d36c85d4034749219fc3f81113c36882 17 0.03888147701330982
29 1032cf76eff94dfaab12264054a4fd69 18 0.03602600669887384
29 35b2a752f1a94179a56149edc6b7edb8 19 0.03329195425351835
29 c0aad3e280734c3cbd7414765a6973ce 20 0.02435957316274918
29 60fdf62d8b064affb373e372fcd9ca38 21 0.021316703814017592
29 5cded10dcc754bb6a2d2a5b03a4e0d87 22 0.021174114024688533
29 25e0587e2a1c4012b87edc894204058c 23 0.020165075094296308
29 29e779f2da6b45b9ba8202ee3e752623 24 0.01977851212312222
29 e44a840d3247480fb96567a567f2d096 25 0.01840986178931348
29 fe47a2b15b6446b8b57fd6c62be04441 26 0.014386760261800127
29 222b62a07c6d420aaf79083cf5e803ac 27 0.012958845905328416
30 c735c526211549d7b4c7c9c2cf4d9b9c 0 0.10678208127473562
30 ae262a05920c451ea76be53597febb3b 1 0.0741649046405149
30 5a447e34a7294ba392ff4cabe7fc5ecb 2 0.053922413582308974
30 4ab39b1479b544a0adedb08236195878 3 0.029244912648863607
30 0645540685544ee1985366a73811ecb2 4 0.023296510373133943
30 e07f40bed47543f39b6a6d4574819fed 5 0.019595074335487506
30 4000a9dc8605439c972a54c65577da57 6 0.018473751039030067
30 22a73e298d8f460c971d4a3d968677f5 7 0.01568880789192955
30 b0229b6eda674af6b6127b194a581e8e 8 0.015404023494783566
30 b4f382e898ac4971aa0183bf872c71a7 9 0.01135652634676283
32 95e2ac7d389f4f76937a0e8ba4a324d8 0 0.14520348778300057
32 29f42681116f47808238eabc12e38301 1 0.1140933504641491
32 6f3032e0f1ef4796ae04763912e195ae 2 0.08649855170112276
32 ccbd63b6ba774a46af2b94c419985617 3 0.06260212749796638
32 bf757879d4e5405aa43f9d5286bc0b62 4 0.03267166452519541
32 267d9f275e76427c9a2dae1a01d042ed 5 0.0318872735518668
32 c08a5130bd7a404bb91081c35e2a112d 6 0.017641338438323682
33 771403b487c54c0ea8949137bb4e2a68 0 0.16042523828529853
33 84e2200f28fe4867ba5b706437d08522 1 0.1568802167878277
33 8be171f68d8f49739d1e0aaa5f1aa39c 2 0.15098026810399262
33 33b6b99befd341ab95a64f637d955670 3 0.1261190011653321
33 18321400c863498d8477c5bd4625fcd1 4 0.10524402351170355
33 20d34f996716494984270b946d0feddc 5 0.09618800248110793
33 e589e6f34b2f4634b33e8328dff06abb 6 0.05904097806766186
33 2cb6abb5d1d74a96a7533f44585603f9 7 0.021438076411707682
34 2fd19c7c4ab3438e9b8bad5a4e59308a 0 0.1823145440767656
34 abafe595469e47f692b4ad9099f3fa41 1 0.14650203725506683
34 ec04b7c4ab624a32b75eadf7e28c2cbd 2 0.12643589335297262
34 1bda25e3d27f47c887bc8523d21b657a 3 0.11615285919239077
34 7f136f580067479da6ba58d2ab52357b 4 0.10911856791473938
34 6ab5ba5198244630b9a5076b82cf2b47 5 0.09465416250261571
34 745ac4e1cdf348f1a3fd2a2cf5dfa2ec 6 0.07744213831847692
34 dd9b08eb806a430cb9731c9bfc11d03e 7 0.07608728632720368
34 5a692be678d848789a3f0f0e72e6f9c9 8 0.056830991010312165
34 c2cf9e8a6344412a9fc3c24136c68be7 9 0.04486520417771508
35 d315baa3eac248549d5a3030bc91d8a3 0 0.2037827957564897
35 a656a1c9485748e5adfebb2c84a074c7 1 0.17788783207012676
35 c20ef77f368845aebabd4c6d6c06610d 2 0.14202759411247204
35 e68bde64b93d447dbed2c25a9467dc61 3 0.13879711823557211
35 b0989f43d74249f88d3e14ba383cd9c4 4 0.1181765657960496
35 ba26215907cd40429e4e807a341ca510 5 0.05940614842055915
35 ff276c40e7fc44c088433215f23cba02 6 0.044290989406982284
35 92eb5acf00ac43fe9cb7bd1bee10beca 7 0.04061793664481516
37 e19572ae55d04f389fba079e1f18789e 0 0.14480423939097192
37 9d5f4572038d4855bc2e53f2b799b833 1 0.14090480326844212
37 5d6962b3e3b84538a3d545048f919a8b 2 0.12360532984849404
37 e12f6f80c0204215929cb7ff731f9c22 3 0.11459298061918091
37 5c90ed8f434a4fcd865d232256cef484 4 0.109563781858498
37 d474d9acf11b4006abc0b77f0d0c93d8 5 0.08704386068907859
37 b9b9328e2f9a4793b10f495c79195fe9 6 0.07195067339031419
37 4025dd9fd31b434a974379b199b68499 7 0.06671735347550288
37 c545672defe04ad2947ebb6b18cff3ec 8 0.050277346084647206
37 2ce22719a1004fc0b9b3687483def86f 9 0.02265392259872602
38 d3d37612be9a4e51a53406ce8f27cfc1 0 0.1531105284702139
38 38a4433d8d0347b09a54ee45121cfc71 1 0.13649632054167515
38 177989d2414145e38d5714d028d698ea 2 0.07008812539128438
38 52a992dda4444414b5a8139cd375bd8b 3 0.058618890259171226
38 b18bf088b2c64d19b7c6ca2a5c79c39b 4 0.05691992665677323
38 6d1c83d636fd4759be2daa289fd3dbb7 5 0.04328224851324356
38 6c495e59e1904e2cbde29e37cc7fb4d8 6 0.04094296636488196
38 e962bb46ffcb41b2ad819697ee7a5baa 7 0.03026460544646575
38 d74dbfd908004f9bb4e1323c942f889d 8 0.02921975873256689
38 549e486f291047cf82227f99fee9312b 9 0.027735947413093976
39 49a08d0500764bbfae29ab0768de394a 0 0.15086944374026814
39 9d5f4572038d4855bc2e53f2b799b833 1 0.14090480326844212
39 5be27890665e450195598a7104316b0a 2 0.13983206749174254
39 5c90ed8f434a4fcd865d232256cef484 3 0.109563781858498
39 183972b404e04c048b667ed2a7de1932 4 0.10228788471545845
39 a3cc0e3854df498796e2b1d5732c61af 5 0.09719319334331529
39 2326fe3dd3924c6991f35cbacb2179db 6 0.06428591009411345
39 5b02c1bf3eee4ecdbee439c5d6a5f1fa 7 0.06225958152242669
39 c545672defe04ad2947ebb6b18cff3ec 8 0.050277346084647206
39 d618e10e366e4a999a7fba841c2b9ff3 9 0.017448880326149736
40 4c637c85dbba4a0b845420ba4faed9eb 0 0.19480573557600142
40 ed7c0c56f4284f8ebdc64604c5166f54 1 0.12282408900941481
40 1e8d84ac27054ccd97843e884df1fb9f 2 0.12180938360998954
40 5d3419c3e3754fd28b9d637760f1514d 3 0.1105060228523398
40 8fe9563f5b934dffb2d7f9db8cb5196b 4 0.10275994459373039
40 7a6614373a124f619279e95761512cd9 5 0.08504988984368761
40 99fa32650fb3406a82c230cedc18fa0b 6 0.08227829987045021
40 a03750158de84e34a0138abdd421ab1a 7 0.07527616637045365
40 104392bac67f4397ba0e8edd2ad8f35c 8 0.06949399120877102
40 62ca9d65830d47fa8d1f62d11c66f70e 9 0.059654062099677815
42 fd2da366edfa446fb1f3ac5a14999ecd 0 0.1366860680293483
42 d14da0ddc30a4566aff865c46d1a3442 1 0.13573464448848493
42 4c3a4672eec74447962de8b52fd7ac20 2 0.1108311921591937
42 a0bd40c0396f4f89907f11f2cd5508b6 3 0.10824172144434531
42 af52159fd80e4e57bdf798821b7c1226 4 0.10266180376455253
42 19f4141c080043c680ea604749532cc3 5 0.10224255296319426
42 66c41060fc4a4f2e94c7329a08a67205 6 0.10223641114456193
42 212ca3e7879b4ffe8af04b45b53ef2aa 7 0.09786675618030356
42 4cba3d4e573642d9ad4c548a5e0e3d79 8 0.08101436792158438
42 b45384d34bb0493eb0c2f4b5c5ab24fe 9 0.07333941856254131
42 34e952797bbf4f7a8b97bd5e1179f59c 10 0.07231310105147579
42 40d8fa0a653b41c69a537ee6c6384771 11 0.07013728257603824
42 8e8dbdf964344ec5995a71c48d6e70d1 12 0.06731473965289404
42 1d9ed000f28a4f2c94bf7c72f0204c33 13 0.06580548203939467
42 0bc5218935d3439688fa8c83b96698d8 14 0.06503432162991346
42 abc4b2e9d7504d1eafed9012e1617c99 15 0.06418792771480204
42 08670bf405db4e9ebc373d609b406698 16 0.061237078126003236
42 8f83b6d029e74d0fafa074fae7fd7d34 17 0.06050176888511114
42 b1be6d7d958f42699cc95f9c5c0852a4 18 0.05625604812471691
42 b7e30f0524c74551a67e692af87d7d36 19 0.04619602837852804
42 0c9221d47a194f7aba14339a9f497730 20 0.03663159077054514
42 dc8c688de2c2426ebe799b867731b494 21 0.03369334549135975
42 78a1250072fb4e71a7b345d4a77194ed 22 0.03295360342682333
42 8e00b975d26b4de0b5ee1089cd4ff260 23 0.02424244853052594
42 7e6bba9b8821464b812ec0cbdb678f79 24 0.01351852761658556
43 2853f84993d54935829dc2866d3f6514 0 0.17283924206388476
43 c92fca209161431c96a5529f6fab637e 1 0.16596802587972312
43 8e71f0f4bffe46c3ba6ff783ccb663e8 2 0.16078271627444193
43 08cfb763e189443ba86ed5a39d54b8c3 3 0.13393456346298963
43 5dcb8ed90c7a4335916f28ee962d104f 4 0.10770728513531967
43 52ec57f6624641fd9ead16f4b62e4da0 5 0.0984998237585698
43 2ef76e6cec694dcd8b02b4f4ff5b480d 6 0.08731695280649715
43 494840a8a12f4e76965524f2849b261f 7 0.08471439111458842
43 787056de71474bcb8e38958276ea1734 8 0.07839611969289849
43 a1bbc31955564f7dacccde55435fa406 9 0.07741450767986316
43 8e97bb2184b24dca867813abeb799fd6 10 0.07060116342310936
43 85d9b6bd1fbc49a89f3bdf223ca6fc7f 11 0.0671304398225336
43 4a99e657c0154da5a7e4ef3d0587a9b4 12 0.06361916060138194
43 9eaddb8d0768404c9c9eedba104af768 13 0.056037515577974546
43 17dd9caf717b4d429695eaa2367d1c61 14 0.054428917443451415
43 536e4bd00f734174a16b442e42c8bf6a 15 0.049655732168154776
43 00d520ca08c94ee48bc8cdfbb99cdcc4 16 0.04648378088120781
43 fc02e6be29724fcb8913dd85780183dd 17 0.04062742100110614
43 43e67df3d669454b85348bfd2bbd5076 18 0.0337426573533642
43 5ea8923290e94f09a08e066f5f95660f 19 0.03241050519176585
43 6aa4028660e94d9d8fad210966e3fa72 20 0.032159988407698605
43 77c0f82bf22942e7ac759cf6013a0d9a 21 0.02595222633630818
43 f0ea7b5e5ee94f49aa6ece75051bc98d 22 0.02574901815521971
43 74a66edd28f5485cbf1d9a3645ecc6fd 23 0.020093978261964816
43 fcd59f7b81324d678f3e284004811bb5 24 0.018502209766826736
44 6ecdefdf517d487989e3044e5a309886 0 0.1754395703671999
44 85340fcde5af46f3aea7bb80e7b2cdd3 1 0.15343480743972304
44 46cf1bc5004c4851a5e62af32ed55501 2 0.11619082679848156
44 b5dcdd4c13fe42f9ae7796aeaba39b20 3 0.11515901635871291
44 f7d403801a0f4f2abb13c630c20a0565 4 0.08889184639085977
44 ecbc5a4b02b54a929842280c74180c05 5 0.08114216905671272
44 2614f6bb6d1844cb84067808e631b91a 6 0.0797459314693727
44 1cbb9fdb98674585987bfbe331bf2879 7 0.07697217601462734
44 c0ad876724ee4722a37c87530607c13f 8 0.0694270876389763
44 8ca3517d7c3d4503924ddf3474cf4cc4 9 0.06699181882509721
44 e1282eb1fb3f4705a0b5463e797c177b 10 0.05721030490009679
44 cec0a5fd2fc640be81ce5cc2b5f6eaad 11 0.056336684016269435
44 dfe1941a990f4ebf83fc9b6600bcee19 12 0.048217086605847885
44 584332b904f84343ad0bfc84886e2903 13 0.04183420536481068
44 720786dfef3244fbaabfe7269f78d0ec 14 0.040905994729380196
44 393409b4da0547a18b5b1af24e35357d 15 0.03929927158494324
44 9d7ffdc69e89489ab50cf9b24387217c 16 0.03501980100299811
44 e92927233ebf40f8a025681723a5e427 17 0.034550317821363724
44 25b4bd3ded1c43209975b82be2e6dd4a 18 0.03179518399854048
44 c92643a688204a7baaaea708850c0b03 19 0.02480078058845647
44 4dadc54b384a4033a8434dcfcd45255a 20 0.020942762129228312
44 c610b131cf6f4082833862b77d2812ae 21 0.020898926219155584
44 88352ea48c3c4fcdbc10250e7a5c2161 22 0.02067151859358487
44 9421e67d836c481dac83de2187cba9e5 23 0.018814448432794676
46 ec2c0000b00240aaa8aac14f4f01c1cb 0 0.1906283934782061
46 0920284e908f48a29fe50aa264b0d7f1 1 0.18636503573863117
46 c4750a741fb54c998e172a4e9f7130a7 2 0.17418796732698913
46 11ba5d712c1e492f84d9d6b86c441c72 3 0.17229594010757046
46 dde06624d0cc40a6a2398d7dd7dd47da 4 0.16849332439866488
46 ba26c0fbeb6c4d409134193e36313586 5 0.16614576135847403
46 cfbb3817a32e496bbdd2a06dc5d285f5 6 0.15957793894237893
46 c74deec691954cbe9df71efb4d691e91 7 0.14847510026331998
46 01e7546271d64f538162642c54e20fce 8 0.14202451565792412
46 d4a9eec474ad447194c64c3bd7f218a5 9 0.1302292510625393
46 1b529297882e4e749b4b7e42335246ec 10 0.12551216081257688
46 a85d17bd0eff4fb4a727e81107adc6ee 11 0.12418145356285581
46 5b67d0fdbd27469491a488f93cec6bd8 12 0.12274136308867166
46 fb79745c20604ad7bdf13bf30f022fc8 13 0.11418642844283271
46 f8a3170090604b938be5e9d2f90797cf 14 0.10167342367865087
46 2574341e4b6644ba830a31d408b55211 15 0.09792470356002878
46 97197c09624141b7910558f568d7a2bf 16 0.09256737776165183
46 2b5c9fe7c8bd46ac8be8a9ae0dfbedb8 17 0.08971192253767932
46 08fea7e6be704a599adcd22eef003c2b 18 0.0799103118879526
46 78198a0581204099bf2f05e80b8debb6 19 0.07572248946327728
46 de97a08d98114112b33ed9e28c4acbb7 20 0.0751372133828209
46 b867111b6b784244834bc24f3ec14421 21 0.06958205160835083
46 f0598236c7854612ae4db312e6d7c460 22 0.05383026743974464
46 84bf34e190964494ba292f04da00a699 23 0.04926534565079893
46 cea6fef4a28741828204e7ff8d95859b 24 0.03650741134664962
46 cd922c98374b4f3480eac2ee039acdab 25 0.03513275312207187
46 831e0c489e9e46e787d993f5db9f5a29 26 0.028715114771047122
46 01877836f1a54963ae8b4d7c0db51ee9 27 0.024265295492219695
46 c27b5605c1674db3bf0ecc8923624409 28 0.015498272870694059
46 32f2dcd855ed4f469747383d517f958f 29 0.014474145363139658
48 e33864de32ff4ccea4c26d32d9d1779c 0 0.2140624194723273
48 6c9b73eddfa944f39c653be6c33fd21e 1 0.19135610089812513
48 0920284e908f48a29fe50aa264b0d7f1 2 0.18636503573863117
48 c4750a741fb54c998e172a4e9f7130a7 3 0.17418796732698913
48 088e4fa3dbd04dbaa98719cb23d2a061 4 0.17154559699244626
48 dde06624d0cc40a6a2398d7dd7dd47da 5 0.16849332439866488
48 ba26c0fbeb6c4d409134193e36313586 6 0.16614576135847403
48 2d84cbf136d2452bb9b70949660fa4fc 7 0.14571398307173083
48 7bc4b50e78ae464387e10103cfe67b51 8 0.13250665853805757
48 d4a9eec474ad447194c64c3bd7f218a5 9 0.1302292510625393
48 95ebdce9d0554f09a6a74930064eabf9 10 0.1297141682729141
48 5b67d0fdbd27469491a488f93cec6bd8 11 0.12274136308867166
48 2574341e4b6644ba830a31d408b55211 12 0.09792470356002878
48 9dd3012a423a41f4a3dc4f3521a5b1a5 13 0.09438774037005096
48 7a794b3fbd08417d9b6fae38acf5f02e 14 0.09038023389337999
48 ef0ee3023329498f973ea21464d4f833 15 0.08462341825555889
48 93a99d2519ac4fa8ac900e9448c1ec5c 16 0.08173593352287105
48 08fea7e6be704a599adcd22eef003c2b 17 0.0799103118879526
48 f5b270f4498e4dbd830984da92ae15df 18 0.07805017081784625
48 de97a08d98114112b33ed9e28c4acbb7 19 0.0751372133828209
48 1601a6f4ed7343ada868ebc84360d722 20 0.07478170469916035
48 b867111b6b784244834bc24f3ec14421 21 0.06958205160835083
48 cb6a7515403b43ba90f7e11115e4b388 22 0.06718809293822114
48 01c0ff1de9414afaa2319f436257aaa3 23 0.06539831869927594
48 a356038c97f0455580a7cdbb800b26ad 24 0.06506297087481144
48 7ff338e6bd314f15b4b03aab8c8cace8 25 0.058139866132007854
48 5b2c58e6c8de45e98cc393c6f9ee37e4 26 0.05707460767995772
48 d1148f60a7c84dc7b3fd125391bab53f 27 0.040590106057560416
