1 44d7a109cd554b1cb44d2c3867ff7040 0 0.09841005059138612
1 c83695f0502b486086d939f3d15d9478 1 0.039437081469968154
1 5240a343b77c4428ba7d87bd092d02f6 2 0.039437081469968154
1 9fb79a165532437fb5d814a8a0784991 3 0.039437081469968154
1 b672beb418f944cb8f2d13799e4dbe70 4 0.039437081469968154
1 55c3ee616e7b4d4bb8a5950168926728 5 0.039437081469968154
1 10727b9260ea4250a3576209aa40de2e 6 0.039437081469968154
1 3cca2583656a4c528dcc6b8213b5bdd7 7 0.039437081469968154
1 43ace6d017a44e40a644d4ff3beeb29c 8 0.039437081469968154
1 905502b03ca24bb888adcc9b441eabd6 9 0.0243258629536649
1 830f5ded85ba4d63887224602da11796 10 0.02272903160803261
1 c8a2aa042145402a8c180ca6f467c575 11 0.02016618990228514
2 193d487153364521bdebf022bdc56caa 0 0.21454238675345755
2 1d932904edd844fd84a74bf83f915020 1 0.19210126798427907
2 62de0e181a8545ab9dc040a410531bb9 2 0.16975790523745993
2 767f54dde2024f85a739dfd342d7db85 3 0.15702092026922299
2 2b902ca479734ce7a0cb6eb9664ca078 4 0.15451938923024666
2 b10d089dd8e44064b83310eeebe148c5 5 0.08972660555863572
2 a9b25287304a4863b65e28b58c8f67df 6 0.07430717753011107
2 27f7ef97e08a41b48637751c38978d2f 7 0.061670227244217474
2 34a9c9d3360c40d396a6467c61ede560 8 0.04300958270141806
2 4a0bc6c29c8d4ac995941d8294e05d21 9 0.042154824896928324
3 f449e7fd662e4a5f8f46fe67a20f2a85 0 0.15243930465506347
3 f3e714bd8f184d5a808a26f6ae032571 1 0.14145323598233625
3 955e8488e4f1440da54070fa849cda5b 2 0.13150948071195284
3 37ec28e588c14146a45107efa61f19bc 3 0.1267923829167587
3 7124eeb533924ac3b2d76e27b14acf5a 4 0.11227156180695204
3 ed26e8df2ee94364943c27725354d2f4 5 0.08129606914841261
3 ba5d415a2a8347ee9dc80dfae68b1652 6 0.07898199939189368
3 c51ba51158df477b8616c7bda055788e 7 0.039437081469968154
3 69153b48fc8a49d0b25288ff437c3710 8 0.039437081469968154
3 4eebdd590bde42ef8f0e6c69ab79ec76 9 0.039437081469968154
3 ec742a5f53bf4c6db7aafdc361afbf61 10 0.039437081469968154
4 f449e7fd662e4a5f8f46fe67a20f2a85 0 0.15243930465506347
4 f3e714bd8f184d5a808a26f6ae032571 1 0.14145323598233625
4 955e8488e4f1440da54070fa849cda5b 2 0.13150948071195284
4 37ec28e588c14146a45107efa61f19bc 3 0.1267923829167587
4 7124eeb533924ac3b2d76e27b14acf5a 4 0.11227156180695204
4 ed26e8df2ee94364943c27725354d2f4 5 0.08129606914841261
4 ba5d415a2a8347ee9dc80dfae68b1652 6 0.07898199939189368
4 c51ba51158df477b8616c7bda055788e 7 0.039437081469968154
4 69153b48fc8a49d0b25288ff437c3710 8 0.039437081469968154
4 4eebdd590bde42ef8f0e6c69ab79ec76 9 0.039437081469968154
4 ec742a5f53bf4c6db7aafdc361afbf61 10 0.039437081469968154
5 265a124bc2294b969342fbb595e7379d 0 0.16823239519480324
5 e900c79b99c0409c9bfa6bdf30f9a15a 1 0.10947529892594102
5 3f9e5780f8974f64a6a6684f59f1ce3c 2 0.0885736564233608
5 c64c3969311f4a86bd872eb620e85872 3 0.04586281962726045
5 6a8ebcd3c4b043a1991e13edf941e705 4 0.03640650141742501
5 9eb36b38bcc940e8802ac7e3283746d8 5 0.03224817330360206
5 ed6257e4df604d52b1a16f7965a1bac2 6 0.024023417998489054
6 72add8ee7ffc4c148e02113031cc9558 0 0.19495952248922527
6 1863355f968548e296d1b2ce324198a1 1 0.12293060504581857
6 6503d3b7e8d746c1bd183315886a6191 2 0.1107425960481607
6 033367cfc4104e1d88b0bd8de5d7a949 3 0.062400677355872194
6 0cb1b49d80f444098a2b5a27e0454ce9 4 0.06125336450870334
6 ddd75f4850f94af4a84eb3d14a8a5419 5 0.0516254186852065
6 095fb11ad83240eba816c480fa7831bd 6 0.050382156898678844
6 02cebd2a4dcc4a14abacb3045131986c 7 0.04639571670901212
6 29d2974563f049ea8e980afe06ea7b4b 8 0.03666234513509723
6 45c1fb7073864521a765c471098a8800 9 0.03565118599458745
7 3702ce32887a4bf68daed4327ae605d3 0 0.10737985980417702
7 f87176ca01b14d82b6795aa9985f0d24 1 0.07167469899437287
7 ad5c1a75ba0b47e58fcdfef8471a2cf7 2 0.039437081469968154
7 815e9f8e2ccd441491e7b1c1f2a05d49 3 0.039437081469968154
7 02cd6a52f92847d491ef13d36f42b2a6 4 0.039437081469968154
7 2357bd4bfba440cfbe6d86c66211ea63 5 0.039437081469968154
7 774e9cd59abb48d3a2687f0dc25f7156 6 0.039437081469968154
7 22bd79873cf640c19bf0e3c667315b82 7 0.039437081469968154
7 9dccc04f5a234248abdf40ec7a77c6e1 8 0.039437081469968154
7 3ac2839acc004b039a15ff0cd564f6cd 9 0.017473468350066343
8 93dd30c221444646886d31cb21163e03 0 0.14560531664428258
8 ddfbc3d434094774b50dcba7e73ae109 1 0.06254843185632387
8 0b4f3b3fb3f3455cac18d6a95d9e5e70 2 0.048557267151238676
8 e800b727c5ff4395900c3078ed2752e6 3 0.039437081469968154
8 71b8acf3a6164762a2b044e8e763f05f 4 0.039437081469968154
8 11c4c5258e8945309209c7156c24d3e0 5 0.039437081469968154
8 2b72e511777c4eafbc4a50a37aad35e3 6 0.039437081469968154
8 0d173a5959b0413db0de2bdeaea81e14 7 0.039437081469968154
8 e3db02d6d2e24821b0557feae1f9d764 8 0.039437081469968154
8 351660e7d69e49ef83b4e12869150098 9 0.038134566978625106
9 675e87df126840c19f11c174ba0380e0 0 0.11418680570441948
9 116bff54e21e462496b3edf0b6a82df3 1 0.07795244497641382
9 20b5787b041445d2bd0c0009bd949cb3 2 0.06094789202929382
9 3fd7806d5f3b4b3da2aeb8d7811573d4 3 0.052940077227027094
9 f1e918e8736f4b82bf677b3d60b4352f 4 0.046297685285694445
9 ed596580103b4edcb0eeed65cae78b3e 5 0.039437081469968154
9 038d3ebcf3e74ee4b71f987a498a19fd 6 0.039437081469968154
9 6346841f87a142c2a632784fd258cdea 7 0.03575364646893361
9 689b60b0155140a39429ece1c05efa59 8 0.021479684592110627
9 4d6517b644b74c0399c9301d187701c6 9 0.02070759800543395
9 5984d60f99c1499e928ea4ead74aee92 10 0.019440298996906344
10 6d85dfc054494f45b9e1480e1ad985de 0 0.18433618328692902
10 dd0e03193afd4b20981d7daf32574f41 1 0.18433618328692902
10 f24223162682439aa15a946a0f64d9e2 2 0.177717068385499
10 b1e9d41c4e1042e7913a1dfb2e547632 3 0.10959698842336396
10 0ba8561c4e974774bce0f46d193b2b04 4 0.07695635366367894
10 fde5db11429a41ed990cfd3a89ff3341 5 0.06786088616157245
10 e2a9446f6bff48f1b0431dc50c27a353 6 0.06433802500970748
10 b74a5bc7d62a460b8f320798f71f68a6 7 0.054703152663477826
10 e8d9ccefa28f4d9ca57fcf3d565d33ea 8 0.040361734528635555
11 934b5d45c47a44dab2eba7f81b750885 0 0.14691544050183045
11 aef0e2d9367b43719cf10ed89a132e05 1 0.12543326032432342
11 3ec86c1ba7cb4ab087ec11551e36bb7c 2 0.07983332034332809
11 c5d16e147bcd4762a4c6decc28aff6e3 3 0.07657629279595253
11 466d397cac4c4184837c358a97e93296 4 0.0568586820107798
11 eded6a629dbe4549b4e0dbc6c29dae95 5 0.039437081469968154
11 8cccf65c62d4458cb6934a2c678cf630 6 0.039437081469968154
11 2320761f7fc04351980ba2aced39052f 7 0.024785776895151324
11 e54d1496aabd41fe8914123631a5f63f 8 0.015281352174081102
12 9061a7d00c5f43d7b449429f60e10dca 0 0.13482969957510949
12 f593e1b4144f4faab765aa9240aa0df7 1 0.09415091818158282
12 1202374cf3a640439f924b8956b486d7 2 0.09267528212069484
12 c7bf126563264325b1f82ee49213855f 3 0.07944972076191796
12 7de065f0638047fc8e314c8b81a43aac 4 0.0580240996414969
12 582507fd9ca7438b8c009329248a2280 5 0.04081866998989455
12 527da37320224a27a37c93f125731db9 6 0.039437081469968154
12 e8653177217b4dbda0e9371de924675a 7 0.039437081469968154
12 b410cd5f2d904933a41564f57e82e694 8 0.03891090718969242
12 23113cb6481142c08552b34bb8108062 9 0.01667628632263887
13 41af5f531ad04a188a713b52445382b6 0 0.13143464710360458
13 75d55970c0ac4b969d9cf9932303a23d 1 0.10815365349953375
13 b1cdf4bc11bf4d67a355b261dcbe5f78 2 0.062220904664552774
13 527da37320224a27a37c93f125731db9 3 0.039437081469968154
13 340c35086579401aa090a995e8cc6fb8 4 0.039437081469968154
13 fa974baf472e4443abafc3523d6e58fb 5 0.039437081469968154
13 3b426dd868e1458eacc3c9fe8fe489e5 6 0.039437081469968154
13 e8653177217b4dbda0e9371de924675a 7 0.039437081469968154
13 23b161c4c9c34d21b73e3a8e1176c172 8 0.0328526142726655
13 cedca9948afc4417b7de8d991a8c0f42 9 0.015664216095397074
14 7b774a99fe1d4fa68aea7f93c4706a53 0 0.15534679934231269
14 51680b299e2c4d90a81259afd5c491b0 1 0.07766877444410274
14 6c15a809463d4edf9d558518f0689b30 2 0.07102159882585006
14 13141abd866d45bba6b9316e41ecebf7 3 0.058082982629957265
14 7388d7e45d6e4ce391915bd0f1c146b1 4 0.044189057098857565
14 9b5b6060d027400bafadc1f763b95304 5 0.04068791112392606
14 59cd23d407914742943a9cfcd8c942af 6 0.033503284876569596
14 72c633533cf747ecaa6602ae0dd10f00 7 0.021752593737659583
14 4545b63a39d04d45aa68b882f392e14d 8 0.019926311894964306
15 0eb666f9d4b94ad29c78076ef329262f 0 0.1711280740491553
15 446873a493f342c0bd464b571e004ed2 1 0.13396008143671756
15 103b42441931432083d4b64bcaa8cc00 2 0.10680815005038023
15 fc41c9bb10be47f8a3beb3ec3e33fc53 3 0.0942827711061529
15 102463237fc9478ea8c107772539cdf9 4 0.039437081469968154
15 3cd906efb7a24dbfade7214b87ebf365 5 0.039437081469968154
15 011f2d15eaf24cae9fa91666fd108458 6 0.039437081469968154
15 bcb4bb8d25ab482b81e9fe51d0824092 7 0.039437081469968154
15 785d82f6d995495baac1586e2f92e7ba 8 0.039437081469968154
16 f83d164c09d64af48f9a9974bf9dcaca 0 0.1898107167150783
16 cdd88887a31d4fafa1f29b9dc18c19a5 1 0.1819634342632066
16 e1174117285c4a64b8a6f5de15328636 2 0.10630291378816929
16 86038800d5294759acba764f10d9eed3 3 0.08329589509363002
16 6c15a809463d4edf9d558518f0689b30 4 0.07102159882585006
16 6f178961d864437f879da77775ce2a10 5 0.0705802254050446
16 93e85dbf4526400098975dd42d93c6a4 6 0.03699389770799898
16 f1f536a0864b456da149e5652b1acd01 7 0.019888564986901777
17 8b0ed7649afa4866bafc61874b539d27 0 0.18493163788499603
17 6b40a844660a4785bce296598ea47e70 1 0.16917974431052968
17 446873a493f342c0bd464b571e004ed2 2 0.13396008143671756
17 647efc6304b94a7e9a3ed6ad3f1a062d 3 0.07491559483629888
17 a229b0bd3e7742be8f69820b3bc993f8 4 0.039437081469968154
17 2529ae2c690d4294b307f9b05b25f26d 5 0.039437081469968154
17 849bfea1e63e415cb5464341d83b9fc5 6 0.039437081469968154
17 75e3dd963a054efb9aa73db8c9480502 7 0.039437081469968154
18 539bbefae17f4384ac1bd276bd4379ec 0 0.10659675529285924
18 0062fe2223e8446eb743d84c1c23c59d 1 0.06393065794833189
18 5370163e03cc4fd7b3003e08cd95c12f 2 0.039437081469968154
18 d3653e61dbb1429cac52137ee3d625e6 3 0.039437081469968154
18 6574ea3918954a478429d1227e1e16a5 4 0.039437081469968154
18 3351d27c84c74e429950fd8321ab0107 5 0.039437081469968154
18 d4ae8202e4644e0990fb184d8cf5eaa0 6 0.039437081469968154
18 d9a7d6b24a0a437c8f656013b71ae5da 7 0.039437081469968154
18 5b60249df6964143b61d9d89e98f9d38 8 0.03864923855312075
18 5e8b71a8e8be4162be1b67fddd354761 9 0.03233803701356654
19 2df42dde485b4675b75e5588df37d035 0 0.08354497073843588
19 12f2ecca511849a2b7fae24212b3934a 1 0.06094266695631729
19 318c3a06f2f24923a4574103476b0911 2 0.04168897097175848
19 4edd9cd23f2541c1b412f101875c89f8 3 0.04042536346785726
19 2fa90be31a6a413bbfd64c94013b69f5 4 0.039437081469968154
19 7ca1d5485c244228aeecb272a9597eb6 5 0.039437081469968154
19 15dec58f368f42e6870a5697d3678c7d 6 0.039437081469968154
19 1788830699954d27b7055b93ed0485ea 7 0.039437081469968154
19 6631c7692a2148beae63c0bdb6c82e70 8 0.039437081469968154
19 00a55d6676df448fa82e77bb7129e41f 9 0.03279228259971199
20 c8df30544d574a4f8c7314e80da212b9 0 0.1547726826595924
20 97bf55fa698849cc8cb729b09d578334 1 0.07571963736568145
20 8e57751570dc476f92596430b225a5b4 2 0.04181521024391766
20 3100f7d1a7fe404d848789f0dd4b215d 3 0.039437081469968154
20 7ff9d02a347e40778dc48bc703491d36 4 0.039437081469968154
20 5f188fe387f049e1a8db34fabe94a917 5 0.039437081469968154
20 d9d43fa8cd6942c18e3d1cff78085794 6 0.039437081469968154
20 910455d35240429bb7bee01008381749 7 0.037984579089579834
21 20856f170bdf48909c2cc998b3d5e385 0 0.13158180930336508
21 3021f1887b674dc6bdba809fd3158d55 1 0.1283390950605909
21 99b939b549854093aeb64372f39f1cef 2 0.08700464811975153
21 38855bc92b52454f90efe2612a1dae15 3 0.0747618682849289
21 fde31a2a9c1f4da2971cbdd08a3e2c5a 4 0.06392105286833319
21 26384f5e770143cb9b87fbe0af31b401 5 0.039437081469968154
21 69164ecf7a66448cbce7f3fd401ca0b0 6 0.039437081469968154
21 be0f2f32c058491cbcc6bc688114e7b0 7 0.039437081469968154
21 e23c426ff4da49e7b84e3eff9dfdff57 8 0.039437081469968154
21 c6fedef2e95144228cc98fc7cbf5fd7f 9 0.039437081469968154
22 a046efa8d3374acd9cbffc903ee25cc9 0 0.1499486085688587
22 1b01aabc8b49435da82e4e3b50760847 1 0.11442998852324025
22 140e949d67b542478ade640076dbf84b 2 0.10458057128524023
22 35f1fb9b15a04464b5c710a37d114b72 3 0.039437081469968154
22 ca02720748534626a322e4d986fcfbcc 4 0.024236080354941555
22 93b18df58f56422eabff6d9fd379cf30 5 0.02405547580182336
22 bd7b39eb1664490a896ce006d90fa02d 6 0.02310431634407073
22 c944eb883d8f4946a1402a71716258d7 7 0.02094462202885101
22 9fd1a3dadba4488e9f392c1d958cf957 8 0.020074153165580956
22 e0ab092d67fe4adbbd049f539282cf92 9 0.012683226135278636
23 b127f678365b43b8bf64b5d5ed29e043 0 0.2028342695846126
23 d8406c5427dd4beaa478f0e0db9f6e1b 1 0.1244817839668379
23 8891216c27fb48329317370cfe10c68a 2 0.06396067288017396
23 06dca9b6b5054f17ab345ad50c1494e3 3 0.06141582466580667
23 fdb6fd6a14d444a3a6fa9cb69cc6075b 4 0.039437081469968154
23 1cabf3ca3e7a4211ae6775bd07502f9d 5 0.039437081469968154
23 e4710f39382f4736ba1460d89180a252 6 0.039437081469968154
23 cc84cff0ce574c6ca083469794a2be92 7 0.039437081469968154
23 00430512355b4c658c6f3abdc26eda03 8 0.039437081469968154
24 e59f98cd14cc4079b80da04ce3ebeaae 0 0.12544522706185524
24 01007638d3f54d7d870635531ff637c7 1 0.06788088102567034
24 2bdb7b61d4914d35857145b2f5729b66 2 0.0518677979368475
24 5fc01413019d439ab8188388595dc2ef 3 0.04764679158300144
24 66e24a40a035429cb2b0fc0330c421f3 4 0.039437081469968154
24 e4946a6f8c18489cad3b201c39448957 5 0.034075986828339545
24 3836299897a84ddba3fcafac895ea680 6 0.032729747719091866
24 425a7bf06335466a91c13b424d73b651 7 0.02718600942546869
24 21812fcdee5b43819b9493ea87bab4bd 8 0.024900524779378007
25 01007638d3f54d7d870635531ff637c7 0 0.06788088102567034
25 c6e6e9f025b2473eaad2e4a854033aa4 1 0.04164283187969864
25 bff172f8224249679551a7e4574f1c85 2 0.039437081469968154
25 4b1afb83acd641ff83dfc42ce3c8b4eb 3 0.039437081469968154
25 17c028fce0464d2699caa5a462327d44 4 0.039437081469968154
25 965b8967b289492bac4c2098d0c2d6c9 5 0.039437081469968154
25 e4946a6f8c18489cad3b201c39448957 6 0.034075986828339545
25 bf6eadd797bd42458aad0f34f1bb22ec 7 0.03311419236645635
25 0f510f6a0e5e4c78a6a993527a0035b7 8 0.02360073600299926
26 e3c62e90f7fa404f9ba5a5a45289014c 0 0.13190193839541994
26 b79ebb2fd83e4117be6a5f9636f60221 1 0.10302501612981456
26 4682d86cc0fc453ab5cb8e8bf8168c4c 2 0.09814260230730538
26 89a74ab6a15e40da961f95c5d5a00f18 3 0.06066059601313403
26 3eaffc82627e4edeb1da58f3be0e8753 4 0.05935231319212954
26 5fc01413019d439ab8188388595dc2ef 5 0.04764679158300144
26 60b1bce776fb473ca073518fa46fd74b 6 0.040331481921993845
26 8e08f57d3094457d8e6acd33a2a246c4 7 0.039437081469968154
26 e4946a6f8c18489cad3b201c39448957 8 0.034075986828339545
27 54f396d61cb64461a4da07d0fb0a27c4 0 0.17102440256511567
27 014a350e46564785ba380dbe9a77992c 1 0.12962776027908426
27 b9d4efb1bc334b069589bdfce55c7a2b 2 0.11385663390892524
27 2849817347204345a8156f731f3c4c7a 3 0.07662632522758767
27 b3672b6411414f5fb9a39cde7c24ac0f 4 0.05246325253491449
27 5aff36b447a7406eb9501a4d1e7ac84e 5 0.039437081469968154
27 dd0930147b0d447ea1beb841d98db2b0 6 0.03822781095240689
27 e5757e74d8c545c9830f3ad2fdf19e6f 7 0.02429400321266362
27 1afcc5f4565648baa3eb93f68333393b 8 0.023961345263312693
27 e44a840d3247480fb96567a567f2d096 9 0.01840986178931348
28 1075f50d51e0492c9bf5a09468d6e988 0 0.17980860662245599
28 0653851827b94d14b4aa74141a76f251 1 0.14741922053431653
28 236b7d636a5b44d0992866aa91313c85 2 0.0920062011513572
28 63aa4e855ced4e6eac0971ebd142b5ac 3 0.09129524414588998
28 1465055ea63d49f08bb2598a0787d3c7 4 0.048601953786189526
28 1bd84ee8398040f9832f6d4f950d4e1d 5 0.039437081469968154
28 c7874137696c49b1a2bcd48f6833e537 6 0.039437081469968154
28 84d908e727994d52a2ce882528fd273a 7 0.039437081469968154
28 8ad79d79cc17419bb31511e12dd588ca 8 0.039437081469968154
28 4e0a771d3d9147c6a6100be43c051d60 9 0.036692043167206416
28 126327c05c614c359451cdfcf63e5f29 10 0.03474450567791294
28 70c3ba1a64714b9e8dbe40a7f36b7c9c 11 0.01897593714131212
28 f9d23eed451c43c382315a46aa074e36 12 0.016565567592158697
29 54f396d61cb64461a4da07d0fb0a27c4 0 0.17102440256511567
29 8fc28715aed243698e84e91e69c080f4 1 0.1588957141793588
29 45d1dbe7136c4649b94137d57d260ba9 2 0.13004617355971992
29 014a350e46564785ba380dbe9a77992c 3 0.12962776027908426
29 2849817347204345a8156f731f3c4c7a 4 0.07662632522758767
29 dd0930147b0d447ea1beb841d98db2b0 5 0.03822781095240689
29 1afcc5f4565648baa3eb93f68333393b 6 0.023961345263312693
29 041d84ec484a4893a52470599e50e6a5 7 0.02030181732903069
29 e44a840d3247480fb96567a567f2d096 8 0.01840986178931348
30 fcdf141b99384342934d68e7d50d564f 0 0.17002979011780087
30 dd4b5228901a4b7e8f00c07ef05434c2 1 0.10017116804020161
30 ef362479962f4adfa2e9aa11ec7be92d 2 0.09565833475853885
30 73e1f1133d2d4018b41c14842fb5b7ee 3 0.039437081469968154
30 e55d8387b456480f86f1c67b9a9c38a1 4 0.039437081469968154
30 1333710ef65a4a12a3ab1984faadbf2d 5 0.039437081469968154
30 d692469b8ce34461b04818c86739dd12 6 0.039437081469968154
30 ebf1f70a710246fab6f8b1764780bb78 7 0.039437081469968154
30 a98edde6252d46efadd77fa648656c94 8 0.039437081469968154
30 95aea65e3dcf48ecaec207388c31b5ce 9 0.03204441809321279
30 1fecb4cc3b454f67a7c1b150d2c5ed2c 10 0.03188498357403523
30 4ab39b1479b544a0adedb08236195878 11 0.029244912648863607
30 0645540685544ee1985366a73811ecb2 12 0.023296510373133943
30 4000a9dc8605439c972a54c65577da57 13 0.018473751039030067
30 eabd6a863f5e4333a1732c14d590f9ce 14 0.018058531277726237
31 f82d2c69b35044cf85567c398e49c3bd 0 0.12688259370738303
31 88e7eaca31924dc98c8b2e374ed06398 1 0.09133340038277417
31 cccc6cbc8d4946c59a527fb60c4ab500 2 0.07198506455656258
31 a98edde6252d46efadd77fa648656c94 3 0.039437081469968154
31 a98edde6252d46efadd77fa648656c94 4 0.039437081469968154
31 ea02bda05fee48ae88be3d986d9104a1 5 0.039437081469968154
31 c6e868713fef422d9ed0c78f20e423f3 6 0.03530230202439027
31 95aea65e3dcf48ecaec207388c31b5ce 7 0.03204441809321279
31 1fecb4cc3b454f67a7c1b150d2c5ed2c 8 0.03188498357403523
31 97b2fa1ff63848559c1d885831033b81 9 0.026569895982911106
31 0645540685544ee1985366a73811ecb2 10 0.023296510373133943
31 b9a4668f98eb42788cdb6c66bee9507c 11 0.015653876298458158
31 affe3113af8548439be71a76d4b23d11 12 0.014178796698410623
32 95e2ac7d389f4f76937a0e8ba4a324d8 0 0.14520348778300057
32 ccbd63b6ba774a46af2b94c419985617 1 0.06260212749796638
32 abd76572647145c9b91653272cc3e2e1 2 0.05851490564801456
32 718832065cfe4bd7b167ec33871183e0 3 0.039437081469968154
32 fc1c3981152e4f2dbbeab780f465c2d0 4 0.039437081469968154
32 2c3490770bdf424fa800115e8d907e50 5 0.036359720980667684
32 488b1f337b9f473e83921b105a2b2399 6 0.034585037205192556
32 bf757879d4e5405aa43f9d5286bc0b62 7 0.03267166452519541
32 7d4ce70883c8489cbdf39fd969702653 8 0.026077371549865783
32 ad84ca0dfd8447e39efc80fc45b6dd1a 9 0.021476994716997082
32 f909e3742fdd42d4a8af1a5407dca74b 10 0.020923208661186923
32 7764c891369f432c845835d9dc1af8bb 11 0.01846418368519002
33 23790095150b4cc682d0b0f8f3860c49 0 0.14146582142887032
33 cbe2d36af3c24841aa2a6c88b9654a38 1 0.08405070498594133
33 e589e6f34b2f4634b33e8328dff06abb 2 0.05904097806766186
33 0475a03b49044104b93d0947dd284b86 3 0.039437081469968154
33 f50d077d16264fb2a8b91ebdc31abc54 4 0.039437081469968154
33 4c873f5824034327a333ba3c959bfff7 5 0.039437081469968154
33 9ead3ef777e0487e99fab75986d2301c 6 0.039437081469968154
33 95ecaede4dcd40f89ee55af6ebda553d 7 0.039437081469968154
33 53738aa1b9c84b93ba79a58d3153fb4d 8 0.02241006825428079
33 b254ddce0d2646af9814efd8fd552e98 9 0.022167091043024792
33 f6bdde7c51aa4aa8a3457a728c7ff871 10 0.01579475237702937
34 abafe595469e47f692b4ad9099f3fa41 0 0.14650203725506683
34 951541e30d624826a046a14aa422f9d2 1 0.13471385008704947
34 7f136f580067479da6ba58d2ab52357b 2 0.10911856791473938
34 6ab5ba5198244630b9a5076b82cf2b47 3 0.09465416250261571
34 426a7e67b1594623b65cfe4431c8265d 4 0.09110547402252166
34 755a2a19859a4d648d0e7e9387cbbdfb 5 0.06848052322735029
34 c2cf9e8a6344412a9fc3c24136c68be7 6 0.04486520417771508
34 320c87d276324f81b17c00771c35cc48 7 0.039437081469968154
34 7852c1f18ce34414bcb4883c6ca5603f 8 0.039437081469968154
34 8c42a4d8076740a98f27da70873ccfb7 9 0.039437081469968154
34 9ec8d02e656841c2985ec5d8ec52b456 10 0.039437081469968154
35 d315baa3eac248549d5a3030bc91d8a3 0 0.2037827957564897
35 9668835ddb6648dab44690aa02ae838d 1 0.1991345406556462
35 3a4a167dec7f45e5a232bf308e9d82af 2 0.054882457550429656
35 adf1a1423f6e4114b4e67b68d6da84cc 3 0.039437081469968154
35 1ab44d8d8ed14866a202c7670ed7ee77 4 0.039437081469968154
35 8b7a9da26fb64480a8003fede84a555a 5 0.039437081469968154
35 d0f3d5c0bd1a4555ab450f158a352332 6 0.039437081469968154
35 5387377f744e4ea3ac241f05966afb33 7 0.039437081469968154
35 9cd7828542584e07aae6d9899ebe9694 8 0.023242305428349316
36 b539c46dcb1c42d9b86e0226670c0022 0 0.08102020793094729
36 4a9156f6fd9b44f9b6eae578913a368c 1 0.039437081469968154
36 30ac104c823a49729a873ea581aea6cf 2 0.039437081469968154
36 270ab4fb8a474ec3a5971934fb9e2a87 3 0.039437081469968154
36 e559003c760f4557b5919c29f218802f 4 0.02291874514216294
36 e1e741baef994c0aae9fb89e22f2d97a 5 0.019065127439344243
36 4ebec1b212e8452e8aeb24ed51a6e8f6 6 0.014991695443542195
36 d4f28e4e9aea406aa230daaa29d3713b 7 0.014564010959412073
36 750396d8c2964a3d902c416fd56f054f 8 0.013944339940091434
37 0319e24752164c5e95e901d7a1c43ba9 0 0.1993808321099418
37 f3b87d2ba44048acb0d9267fa2fb863e 1 0.15056107011925648
37 9d5f4572038d4855bc2e53f2b799b833 2 0.14090480326844212
37 c4fd6d7e92e44bacac174c09e60d1711 3 0.1334741081511262
37 8f749853cd4c47d2a5b819c73d95c820 4 0.1314984043117658
37 09e213e219e7412e8f26a734c8f483bb 5 0.0714868000884748
37 8bb5a57904ab422e87bbb0ef3944829a 6 0.051624143541043256
37 1fd53fea3b43427ebb2b1670866863e2 7 0.04323434006434183
37 ddbeed7e913647cb96f077ce75e3796c 8 0.0363444418864042
37 a8820fd35ba245a68803ba7ecced7e5f 9 0.028930502842463922
38 95aeda4f27da4cbda402ec8961ffe00e 0 0.14570548714079717
38 11577360a2654932aa23cf1fe34efeab 1 0.13368843800379215
38 06152f5a394f4d989e59362329e09a66 2 0.09252206864508282
38 71ee8d8d120a488c8912078fc3eab417 3 0.08378395840841196
38 3b69a1bc09f14d5793fbc6b257b88a80 4 0.06763718513109157
38 cc0c8ce88a99469aaf3412197167427c 5 0.0670072714596906
38 1ca183094f0a43d7a40240ad59a0c58c 6 0.06002293338874115
38 6d1c83d636fd4759be2daa289fd3dbb7 7 0.04328224851324356
38 86c6cedc76944966a4b5016b04f67917 8 0.03069553438024197
38 549e486f291047cf82227f99fee9312b 9 0.027735947413093976
39 5969c9c5e93a44b3b34b110251c4a68e 0 0.18383367085337443
39 90b363d5084d478293afe372965f78ba 1 0.16290180969769533
39 9d5f4572038d4855bc2e53f2b799b833 2 0.14090480326844212
39 467383bdbdff45ee9020be305c611183 3 0.07535208649217176
39 ef955e413a894deca14e5487cef20cbe 4 0.06743526718462979
39 d0f3cff10ae3475797b73a349f0b5dee 5 0.04033629955245666
39 d34b8a6dcb864a87a7fc45695a6f01bf 6 0.033674614453577466
39 cc86664c59e34bbdb30d68c8f1240e56 7 0.02942034117301157
39 3745ee97cfea4b059461fa05a38f4437 8 0.027467137214685057
39 ce6098c2ac8244369bf575f1201ceba1 9 0.013884446833732524
40 4c637c85dbba4a0b845420ba4faed9eb 0 0.19480573557600142
40 8fe9563f5b934dffb2d7f9db8cb5196b 1 0.10275994459373039
40 7a6614373a124f619279e95761512cd9 2 0.08504988984368761
40 a03750158de84e34a0138abdd421ab1a 3 0.07527616637045365
40 5c25be395c384a8695ccea046768d5aa 4 0.06805245959532547
40 66b2cb36fe6b442d897f2560209af690 5 0.06435838204492865
40 819b69923d304af585ebb427d07c7f0a 6 0.04668846415510049
40 4b22227d68eb46f89d133b65ec0cea9c 7 0.03008803381970996
40 8a943735cc1e44469f0cfe9de904843b 8 0.0299802162308319
40 5c0b93b3efbf427ebf16f2b137d9ad7b 9 0.022003889566903495
41 9e8866a8e5b544cda9fe36e7142d3d4b 0 0.20393857461089163
41 f9ac8fe27f0e49668519ba5bd9a47767 1 0.16848404376363074
41 23f0b10126b04b408aa4e1010b21b404 2 0.1309825519085036
41 7d8990896c4840d9a27d90d4e0474a0f 3 0.09649694953973142
41 5857230b30954ff3a8833ea2b31480b2 4 0.09259895455646303
41 4dd1ead696874a958274b3fc0822f280 5 0.08061219197964252
41 deb29434a8494114915e72564de81994 6 0.05790594131252595
41 b731c592954d4875b1bf93bdca76fef2 7 0.04356071283565747
41 58ae98ccd0534461af58b6c8faa6ab0c 8 0.039437081469968154
42 047436e96e1a47e4988793380753ce3d 0 0.16230285411210327
42 4b332a5dccbd48debf5c93bcf0443c22 1 0.14436320550559453
42 ffda83e3ec854e9ea34fceeb71f589e9 2 0.10027873286381653
42 212ca3e7879b4ffe8af04b45b53ef2aa 3 0.09786675618030356
42 20896a09a9d1483d9df0d47047981457 4 0.057090592253388424
42 b1be6d7d958f42699cc95f9c5c0852a4 5 0.05625604812471691
42 3fcf27e780f147ae96e799b5e3832615 6 0.039437081469968154
42 9b416a567f5b4bb0bc2ce99cd2ab1e25 7 0.039437081469968154
42 0c9221d47a194f7aba14339a9f497730 8 0.03663159077054514
42 815f651eb7b44180a1f6ee621ec4509b 9 0.01716410630369739
43 0d64483758c84f1cbbbbf0ccd8a3ef00 0 0.10809997672097056
43 5dcb8ed90c7a4335916f28ee962d104f 1 0.10770728513531967
43 52ec57f6624641fd9ead16f4b62e4da0 2 0.0984998237585698
43 2ef76e6cec694dcd8b02b4f4ff5b480d 3 0.08731695280649715
43 494840a8a12f4e76965524f2849b261f 4 0.08471439111458842
43 2bdd82c9ef8a49b5b9b3894853359a3a 5 0.043369199763758325
43 02c82fe2db8746ac8e6789efac91e823 6 0.039437081469968154
43 fcd59f7b81324d678f3e284004811bb5 7 0.018502209766826736
44 ecbc5a4b02b54a929842280c74180c05 0 0.08114216905671272
44 2614f6bb6d1844cb84067808e631b91a 1 0.0797459314693727
44 33702ecef97a4fd7862cf63be61a4406 2 0.07649214837164321
44 26f38be0138f48b98b0910eb79a0e34a 3 0.06374604121823861
44 e1282eb1fb3f4705a0b5463e797c177b 4 0.05721030490009679
44 3a667ab4ded14e8891d0180e2944a1bb 5 0.039437081469968154
44 1eb4cd6706554d8085cfe34e8cef64f8 6 0.03552465245839057
44 9d7ffdc69e89489ab50cf9b24387217c 7 0.03501980100299811
44 c4c15163492242e89bb4bba822928802 8 0.03195605588436357
44 3884da64b6794ba7ae8dd89035938607 9 0.018083594651242145
45 d80466c5023a41b58de42b46f35e6e92 0 0.1807002417470508
45 09aba95a2ce94f56a5b2ec8d287fbd04 1 0.1605862535305246
45 1b529297882e4e749b4b7e42335246ec 2 0.12551216081257688
45 5d44aa7454724766bd38ccf91419e170 3 0.12095969997384162
45 6132ebd06c9f45a3b92228a222082361 4 0.11027521421356451
45 0495b593564a41bebb1dc971070413e4 5 0.10145234084358204
45 2574341e4b6644ba830a31d408b55211 6 0.09792470356002878
45 b25b8332ef82488aa862db59c2dc50f8 7 0.08046405644498819
45 08fea7e6be704a599adcd22eef003c2b 8 0.0799103118879526
45 f5200421a6e14e1bb1a6bf1f0abf1f5e 9 0.07321086290423943
46 d4a9eec474ad447194c64c3bd7f218a5 0 0.1302292510625393
46 7e8d821bbc8a407483051307c9037e56 1 0.10250149022587784
46 66b3513c37994e80b4dac3581be840f7 2 0.09612119699932575
46 08fea7e6be704a599adcd22eef003c2b 3 0.0799103118879526
46 477a8ac644444875a39f2b3b13879f24 4 0.047535352282890554
46 ae64d77ebaf74ee1839dc1557defa3a3 5 0.039437081469968154
47 befbfc49ea1c4e9794482ef908566d2b 0 0.20929286722611107
47 ebd3597ac2154a699a434525f032b51e 1 0.20300743265293206
47 1b7d25b2866543b7a5278a4d414b4a88 2 0.19018011617036307
47 a6801523cf40467797fe14329a4f2397 3 0.16214039018238408
47 0f0c8b2b0c464662875afbd6a6945c81 4 0.10202825329145525
47 2c329613cb7e4698b0b69bb3d8327575 5 0.0728074419990613
47 b74cea50415441e9a0de312979f64714 6 0.06834170605388877
47 0d462a4bd3f74cb28df5241e8ac6d72a 7 0.05623841869076795
47 7f9e418466894fb394957ca29cc2f0d7 8 0.05036611950862597
47 c2a251b89e224009ac1765bf4dd1d395 9 0.039437081469968154
48 e04c90cf4abd41b4a6a129c7a0da43af 0 0.195565721497283
48 0920284e908f48a29fe50aa264b0d7f1 1 0.18636503573863117
48 2d84cbf136d2452bb9b70949660fa4fc 2 0.14571398307173083
48 e01b171eaca34e16a66bc6895c5d6d3f 3 0.08993784186629031
48 ef0ee3023329498f973ea21464d4f833 4 0.08462341825555889
48 1601a6f4ed7343ada868ebc84360d722 5 0.07478170469916035
48 b867111b6b784244834bc24f3ec14421 6 0.06958205160835083
48 a356038c97f0455580a7cdbb800b26ad 7 0.06506297087481144
48 333fdd2f08234b25a2a61b44470cad01 8 0.039437081469968154
49 5aa93609cc064d74a8831740b9e209bc 0 0.21412518070989947
49 0b76bb6aa4f645a2b828aca4cbe09e8d 1 0.1946563701685743
49 a83351487d224e6b99b0c6e83db91cdd 2 0.1847656578772883
49 23d4b59035e04edd9c4e649ce30acf7c 3 0.11573326885560441
49 90850885aea74c478be422704c81e3ea 4 0.05495958868184124
49 fd9ddb31d536480ab6e8481087b335d0 5 0.05058397675712805
49 e5265b6f31164f80ba5e2b361ae71c88 6 0.04151883731398063
49 db2c3a6083564168ba7e5ae615ecbd9d 7 0.039437081469968154
49 c2a251b89e224009ac1765bf4dd1d395 8 0.039437081469968154
49 a120974ecded43d7856d34dd49b79ffa 9 0.030827583480837136
50 e04c90cf4abd41b4a6a129c7a0da43af 0 0.195565721497283
50 0920284e908f48a29fe50aa264b0d7f1 1 0.18636503573863117
50 ba26c0fbeb6c4d409134193e36313586 2 0.16614576135847403
50 264fdf7f359e4dd89e688877f11cfc9b 3 0.1560239688000703
50 8b4586fcec414be1b77aaff0c3880394 4 0.14043963973197604
50 a05a84e207d44f1396fac6b052504380 5 0.13602515100074797
50 2574341e4b6644ba830a31d408b55211 6 0.09792470356002878
50 ef0ee3023329498f973ea21464d4f833 7 0.08462341825555889
50 b867111b6b784244834bc24f3ec14421 8 0.06958205160835083
50 a356038c97f0455580a7cdbb800b26ad 9 0.06506297087481144
