1 c8a2aa042145402a8c180ca6f467c575 0 0.6018968846702563
1 c83695f0502b486086d939f3d15d9478 1 0.5859705166037412
1 5240a343b77c4428ba7d87bd092d02f6 2 0.5859705166037412
1 9fb79a165532437fb5d814a8a0784991 3 0.5859705166037412
1 b672beb418f944cb8f2d13799e4dbe70 4 0.5859705166037412
1 55c3ee616e7b4d4bb8a5950168926728 5 0.5859705166037412
1 10727b9260ea4250a3576209aa40de2e 6 0.5859705166037412
1 3cca2583656a4c528dcc6b8213b5bdd7 7 0.5859705166037412
1 43ace6d017a44e40a644d4ff3beeb29c 8 0.5859705166037412
1 44d7a109cd554b1cb44d2c3867ff7040 9 0.4318918222339698
1 905502b03ca24bb888adcc9b441eabd6 10 0.37445839080437326
1 830f5ded85ba4d63887224602da11796 11 0.23300588830882507
2 767f54dde2024f85a739dfd342d7db85 0 0.8433244687777358
2 1d932904edd844fd84a74bf83f915020 1 0.8271184509055582
2 2b902ca479734ce7a0cb6eb9664ca078 2 0.6861026640700372
2 a9b25287304a4863b65e28b58c8f67df 3 0.666847682589735
2 62de0e181a8545ab9dc040a410531bb9 4 0.5972231597509585
2 b10d089dd8e44064b83310eeebe148c5 5 0.37205249011843367
2 27f7ef97e08a41b48637751c38978d2f 6 0.31774120859999594
2 34a9c9d3360c40d396a6467c61ede560 7 0.30870317746604403
2 193d487153364521bdebf022bdc56caa 8 0.2940579538199346
2 4a0bc6c29c8d4ac995941d8294e05d21 9 0.2913902626259307
3 ed26e8df2ee94364943c27725354d2f4 0 0.7308761435237046
3 69153b48fc8a49d0b25288ff437c3710 1 0.5859705166037412
3 4eebdd590bde42ef8f0e6c69ab79ec76 2 0.5859705166037412
3 ec742a5f53bf4c6db7aafdc361afbf61 3 0.5859705166037412
3 c51ba51158df477b8616c7bda055788e 4 0.5859705166037412
3 f3e714bd8f184d5a808a26f6ae032571 5 0.5762821678202029
3 f449e7fd662e4a5f8f46fe67a20f2a85 6 0.44997903676440293
3 955e8488e4f1440da54070fa849cda5b 7 0.44461173836383916
3 7124eeb533924ac3b2d76e27b14acf5a 8 0.4342416874214319
3 ba5d415a2a8347ee9dc80dfae68b1652 9 0.42113608350502585
3 37ec28e588c14146a45107efa61f19bc 10 0.41971003537298845
4 ed26e8df2ee94364943c27725354d2f4 0 0.730870969840538
4 69153b48fc8a49d0b25288ff437c3710 1 0.5859705166037412
4 4eebdd590bde42ef8f0e6c69ab79ec76 2 0.5859705166037412
4 ec742a5f53bf4c6db7aafdc361afbf61 3 0.5859705166037412
4 c51ba51158df477b8616c7bda055788e 4 0.5859705166037412
4 f3e714bd8f184d5a808a26f6ae032571 5 0.5762819322328444
4 f449e7fd662e4a5f8f46fe67a20f2a85 6 0.44998860807826097
4 955e8488e4f1440da54070fa849cda5b 7 0.4446119785705577
4 7124eeb533924ac3b2d76e27b14acf5a 8 0.434241820372386
4 ba5d415a2a8347ee9dc80dfae68b1652 9 0.42113429003851743
4 37ec28e588c14146a45107efa61f19bc 10 0.41973034669877696
5 9eb36b38bcc940e8802ac7e3283746d8 0 0.7720692979706463
5 e900c79b99c0409c9bfa6bdf30f9a15a 1 0.5970794457617927
5 ed6257e4df604d52b1a16f7965a1bac2 2 0.5959095957840344
5 3f9e5780f8974f64a6a6684f59f1ce3c 3 0.5672791249683797
5 265a124bc2294b969342fbb595e7379d 4 0.4810159446492709
5 c64c3969311f4a86bd872eb620e85872 5 0.3915512477977579
5 6a8ebcd3c4b043a1991e13edf941e705 6 0.33332054714413195
6 033367cfc4104e1d88b0bd8de5d7a949 0 0.6989322822410485
6 45c1fb7073864521a765c471098a8800 1 0.5568847892732877
6 29d2974563f049ea8e980afe06ea7b4b 2 0.5205745167174571
6 ddd75f4850f94af4a84eb3d14a8a5419 3 0.5159854554514011
6 02cebd2a4dcc4a14abacb3045131986c 4 0.4794725989339056
6 0cb1b49d80f444098a2b5a27e0454ce9 5 0.3955007644102365
6 72add8ee7ffc4c148e02113031cc9558 6 0.3136641413350018
6 095fb11ad83240eba816c480fa7831bd 7 0.2772897974698577
6 6503d3b7e8d746c1bd183315886a6191 8 0.2458844222787855
6 1863355f968548e296d1b2ce324198a1 9 0.17579031045123866
7 815e9f8e2ccd441491e7b1c1f2a05d49 0 0.5859705166037412
7 ad5c1a75ba0b47e58fcdfef8471a2cf7 1 0.5859705166037412
7 2357bd4bfba440cfbe6d86c66211ea63 2 0.5859705166037412
7 02cd6a52f92847d491ef13d36f42b2a6 3 0.5859705166037412
7 774e9cd59abb48d3a2687f0dc25f7156 4 0.5859705166037412
7 22bd79873cf640c19bf0e3c667315b82 5 0.5859705166037412
7 9dccc04f5a234248abdf40ec7a77c6e1 6 0.5859705166037412
7 3ac2839acc004b039a15ff0cd564f6cd 7 0.5758421660198856
7 3702ce32887a4bf68daed4327ae605d3 8 0.5455934774366922
7 f87176ca01b14d82b6795aa9985f0d24 9 0.34999751843776383
8 351660e7d69e49ef83b4e12869150098 0 0.7623818983762577
8 ddfbc3d434094774b50dcba7e73ae109 1 0.6952505790128755
8 71b8acf3a6164762a2b044e8e763f05f 2 0.5859705166037412
8 e800b727c5ff4395900c3078ed2752e6 3 0.5859705166037412
8 11c4c5258e8945309209c7156c24d3e0 4 0.5859705166037412
8 0d173a5959b0413db0de2bdeaea81e14 5 0.5859705166037412
8 2b72e511777c4eafbc4a50a37aad35e3 6 0.5859705166037412
8 e3db02d6d2e24821b0557feae1f9d764 7 0.5859705166037412
8 0b4f3b3fb3f3455cac18d6a95d9e5e70 8 0.5506532927926376
8 93dd30c221444646886d31cb21163e03 9 0.30102149828473196
9 5984d60f99c1499e928ea4ead74aee92 0 0.8503031608905283
9 4d6517b644b74c0399c9301d187701c6 1 0.7754151723392299
9 116bff54e21e462496b3edf0b6a82df3 2 0.6242108618723947
9 689b60b0155140a39429ece1c05efa59 3 0.6125310582230254
9 f1e918e8736f4b82bf677b3d60b4352f 4 0.6072061554766471
9 20b5787b041445d2bd0c0009bd949cb3 5 0.601070476165527
9 038d3ebcf3e74ee4b71f987a498a19fd 6 0.5859705166037412
9 ed596580103b4edcb0eeed65cae78b3e 7 0.5859705166037412
9 3fd7806d5f3b4b3da2aeb8d7811573d4 8 0.5711043190492396
9 6346841f87a142c2a632784fd258cdea 9 0.4333451092994024
9 675e87df126840c19f11c174ba0380e0 10 0.4059658312282935
10 e8d9ccefa28f4d9ca57fcf3d565d33ea 0 0.8377510423535207
10 b74a5bc7d62a460b8f320798f71f68a6 1 0.6239341687851997
10 e2a9446f6bff48f1b0431dc50c27a353 2 0.554011071116008
10 dd0e03193afd4b20981d7daf32574f41 3 0.4976084165459965
10 6d85dfc054494f45b9e1480e1ad985de 4 0.49760806547463876
10 b1e9d41c4e1042e7913a1dfb2e547632 5 0.36244577987017035
10 f24223162682439aa15a946a0f64d9e2 6 0.3163829241739091
10 fde5db11429a41ed990cfd3a89ff3341 7 0.29165143432473645
10 0ba8561c4e974774bce0f46d193b2b04 8 0.22043715441797168
11 2320761f7fc04351980ba2aced39052f 0 0.7175344672843813
11 466d397cac4c4184837c358a97e93296 1 0.7111240472518436
11 aef0e2d9367b43719cf10ed89a132e05 2 0.7070911677768422
11 3ec86c1ba7cb4ab087ec11551e36bb7c 3 0.6090159501322413
11 eded6a629dbe4549b4e0dbc6c29dae95 4 0.5859705166037412
11 8cccf65c62d4458cb6934a2c678cf630 5 0.5859705166037412
11 e54d1496aabd41fe8914123631a5f63f 6 0.48007370179472125
11 c5d16e147bcd4762a4c6decc28aff6e3 7 0.41008745065960095
11 934b5d45c47a44dab2eba7f81b750885 8 0.335811872497518
12 7de065f0638047fc8e314c8b81a43aac 0 0.6043527700102279
12 c7bf126563264325b1f82ee49213855f 1 0.6040067210272935
12 23113cb6481142c08552b34bb8108062 2 0.6038669232722172
12 527da37320224a27a37c93f125731db9 3 0.5859705166037412
12 e8653177217b4dbda0e9371de924675a 4 0.5859705166037412
12 9061a7d00c5f43d7b449429f60e10dca 5 0.5782249881526018
12 b410cd5f2d904933a41564f57e82e694 6 0.522134272070259
12 582507fd9ca7438b8c009329248a2280 7 0.5125658208741256
12 f593e1b4144f4faab765aa9240aa0df7 8 0.4859502812569298
12 1202374cf3a640439f924b8956b486d7 9 0.4429799997526227
13 b1cdf4bc11bf4d67a355b261dcbe5f78 0 0.6122112037743506
13 cedca9948afc4417b7de8d991a8c0f42 1 0.6074836122881122
13 75d55970c0ac4b969d9cf9932303a23d 2 0.6028326441998991
13 527da37320224a27a37c93f125731db9 3 0.5859705166037412
13 340c35086579401aa090a995e8cc6fb8 4 0.5859705166037412
13 fa974baf472e4443abafc3523d6e58fb 5 0.5859705166037412
13 3b426dd868e1458eacc3c9fe8fe489e5 6 0.5859705166037412
13 e8653177217b4dbda0e9371de924675a 7 0.5859705166037412
13 41af5f531ad04a188a713b52445382b6 8 0.544603313397163
13 23b161c4c9c34d21b73e3a8e1176c172 9 0.517376775882339
14 4545b63a39d04d45aa68b882f392e14d 0 0.5997818477391057
14 59cd23d407914742943a9cfcd8c942af 1 0.5653641736336081
14 6c15a809463d4edf9d558518f0689b30 2 0.5414246204847888
14 7b774a99fe1d4fa68aea7f93c4706a53 3 0.529321706245284
14 9b5b6060d027400bafadc1f763b95304 4 0.5121774935509491
14 51680b299e2c4d90a81259afd5c491b0 5 0.4765629492852701
14 13141abd866d45bba6b9316e41ecebf7 6 0.4360924221361344
14 72c633533cf747ecaa6602ae0dd10f00 7 0.4319242398856493
14 7388d7e45d6e4ce391915bd0f1c146b1 8 0.4220620789740643
15 446873a493f342c0bd464b571e004ed2 0 0.6123823163899816
15 103b42441931432083d4b64bcaa8cc00 1 0.6019996829423473
15 fc41c9bb10be47f8a3beb3ec3e33fc53 2 0.5985082687184045
15 102463237fc9478ea8c107772539cdf9 3 0.5859705166037412
15 3cd906efb7a24dbfade7214b87ebf365 4 0.5859705166037412
15 bcb4bb8d25ab482b81e9fe51d0824092 5 0.5859705166037412
15 011f2d15eaf24cae9fa91666fd108458 6 0.5859705166037412
15 785d82f6d995495baac1586e2f92e7ba 7 0.5859705166037412
15 0eb666f9d4b94ad29c78076ef329262f 8 0.5156973117079714
16 6c15a809463d4edf9d558518f0689b30 0 0.5414202413315371
16 cdd88887a31d4fafa1f29b9dc18c19a5 1 0.5381604610694194
16 f1f536a0864b456da149e5652b1acd01 2 0.46685292071603707
16 6f178961d864437f879da77775ce2a10 3 0.39459388144611596
16 e1174117285c4a64b8a6f5de15328636 4 0.3245267558331886
16 93e85dbf4526400098975dd42d93c6a4 5 0.32243102039671356
16 f83d164c09d64af48f9a9974bf9dcaca 6 0.2941470398795063
16 86038800d5294759acba764f10d9eed3 7 0.21130696053828954
17 446873a493f342c0bd464b571e004ed2 0 0.6123823163899816
17 6b40a844660a4785bce296598ea47e70 1 0.6008543290491619
17 a229b0bd3e7742be8f69820b3bc993f8 2 0.5859705166037412
17 2529ae2c690d4294b307f9b05b25f26d 3 0.5859705166037412
17 75e3dd963a054efb9aa73db8c9480502 4 0.5859705166037412
17 849bfea1e63e415cb5464341d83b9fc5 5 0.5859705166037412
17 8b0ed7649afa4866bafc61874b539d27 6 0.5491296084881654
17 647efc6304b94a7e9a3ed6ad3f1a062d 7 0.3988626356879625
18 539bbefae17f4384ac1bd276bd4379ec 0 0.835384496939256
18 5b60249df6964143b61d9d89e98f9d38 1 0.5992810090454104
18 d9a7d6b24a0a437c8f656013b71ae5da 2 0.5859705166037412
18 d3653e61dbb1429cac52137ee3d625e6 3 0.5859705166037412
18 3351d27c84c74e429950fd8321ab0107 4 0.5859705166037412
18 6574ea3918954a478429d1227e1e16a5 5 0.5859705166037412
18 d4ae8202e4644e0990fb184d8cf5eaa0 6 0.5859705166037412
18 5370163e03cc4fd7b3003e08cd95c12f 7 0.5859705166037412
18 0062fe2223e8446eb743d84c1c23c59d 8 0.5729878739962073
18 5e8b71a8e8be4162be1b67fddd354761 9 0.4014636381320166
19 2df42dde485b4675b75e5588df37d035 0 0.7815781770089908
19 4edd9cd23f2541c1b412f101875c89f8 1 0.7018438271266907
19 00a55d6676df448fa82e77bb7129e41f 2 0.6116642611218573
19 12f2ecca511849a2b7fae24212b3934a 3 0.594598840174084
19 7ca1d5485c244228aeecb272a9597eb6 4 0.5859705166037412
19 2fa90be31a6a413bbfd64c94013b69f5 5 0.5859705166037412
19 1788830699954d27b7055b93ed0485ea 6 0.5859705166037412
19 15dec58f368f42e6870a5697d3678c7d 7 0.5859705166037412
19 6631c7692a2148beae63c0bdb6c82e70 8 0.5859705166037412
19 318c3a06f2f24923a4574103476b0911 9 0.5618359643854444
20 97bf55fa698849cc8cb729b09d578334 0 0.6381302056551011
20 8e57751570dc476f92596430b225a5b4 1 0.6113512822100698
20 910455d35240429bb7bee01008381749 2 0.605152968009187
20 3100f7d1a7fe404d848789f0dd4b215d 3 0.5859705166037412
20 7ff9d02a347e40778dc48bc703491d36 4 0.5859705166037412
20 5f188fe387f049e1a8db34fabe94a917 5 0.5859705166037412
20 d9d43fa8cd6942c18e3d1cff78085794 6 0.5859705166037412
20 c8df30544d574a4f8c7314e80da212b9 7 0.550303456421268
21 fde31a2a9c1f4da2971cbdd08a3e2c5a 0 0.6114242543873358
21 20856f170bdf48909c2cc998b3d5e385 1 0.60739226950362
21 38855bc92b52454f90efe2612a1dae15 2 0.6026707694796161
21 3021f1887b674dc6bdba809fd3158d55 3 0.5977695849425944
21 69164ecf7a66448cbce7f3fd401ca0b0 4 0.5859705166037412
21 26384f5e770143cb9b87fbe0af31b401 5 0.5859705166037412
21 e23c426ff4da49e7b84e3eff9dfdff57 6 0.5859705166037412
21 be0f2f32c058491cbcc6bc688114e7b0 7 0.5859705166037412
21 c6fedef2e95144228cc98fc7cbf5fd7f 8 0.5859705166037412
21 99b939b549854093aeb64372f39f1cef 9 0.5688410694064802
22 140e949d67b542478ade640076dbf84b 0 0.7295547285169108
22 93b18df58f56422eabff6d9fd379cf30 1 0.6274498099916761
22 bd7b39eb1664490a896ce006d90fa02d 2 0.6029674185048284
22 1b01aabc8b49435da82e4e3b50760847 3 0.602602921445185
22 c944eb883d8f4946a1402a71716258d7 4 0.6025957463802066
22 9fd1a3dadba4488e9f392c1d958cf957 5 0.5889784399453649
22 35f1fb9b15a04464b5c710a37d114b72 6 0.5859705166037412
22 a046efa8d3374acd9cbffc903ee25cc9 7 0.470280043646461
22 ca02720748534626a322e4d986fcfbcc 8 0.37671329062351977
22 e0ab092d67fe4adbbd049f539282cf92 9 0.30821356544487416
23 b127f678365b43b8bf64b5d5ed29e043 0 0.8431321558280936
23 06dca9b6b5054f17ab345ad50c1494e3 1 0.6096368290518708
23 fdb6fd6a14d444a3a6fa9cb69cc6075b 2 0.5859705166037412
23 e4710f39382f4736ba1460d89180a252 3 0.5859705166037412
23 1cabf3ca3e7a4211ae6775bd07502f9d 4 0.5859705166037412
23 cc84cff0ce574c6ca083469794a2be92 5 0.5859705166037412
23 00430512355b4c658c6f3abdc26eda03 6 0.5859705166037412
23 d8406c5427dd4beaa478f0e0db9f6e1b 7 0.5661269137521506
23 8891216c27fb48329317370cfe10c68a 8 0.44317889005679834
24 e4946a6f8c18489cad3b201c39448957 0 0.6060199488164735
24 3836299897a84ddba3fcafac895ea680 1 0.6053611621538352
24 01007638d3f54d7d870635531ff637c7 2 0.6053511275161169
24 21812fcdee5b43819b9493ea87bab4bd 3 0.6032903158445201
24 425a7bf06335466a91c13b424d73b651 4 0.6008801467760788
24 e59f98cd14cc4079b80da04ce3ebeaae 5 0.5998264611976909
24 2bdb7b61d4914d35857145b2f5729b66 6 0.597671059079302
24 66e24a40a035429cb2b0fc0330c421f3 7 0.5859705166037412
24 5fc01413019d439ab8188388595dc2ef 8 0.4857574386399286
25 bf6eadd797bd42458aad0f34f1bb22ec 0 0.6104074100978155
25 e4946a6f8c18489cad3b201c39448957 1 0.6060199857713533
25 01007638d3f54d7d870635531ff637c7 2 0.6053511275161169
25 0f510f6a0e5e4c78a6a993527a0035b7 3 0.6029088704501182
25 c6e6e9f025b2473eaad2e4a854033aa4 4 0.5951140830382804
25 bff172f8224249679551a7e4574f1c85 5 0.5859705166037412
25 4b1afb83acd641ff83dfc42ce3c8b4eb 6 0.5859705166037412
25 17c028fce0464d2699caa5a462327d44 7 0.5859705166037412
25 965b8967b289492bac4c2098d0c2d6c9 8 0.5859705166037412
26 4682d86cc0fc453ab5cb8e8bf8168c4c 0 0.6234737518316888
26 b79ebb2fd83e4117be6a5f9636f60221 1 0.6153249045684945
26 e4946a6f8c18489cad3b201c39448957 2 0.6060199118615938
26 e3c62e90f7fa404f9ba5a5a45289014c 3 0.6027040403373939
26 89a74ab6a15e40da961f95c5d5a00f18 4 0.6014640087152586
26 3eaffc82627e4edeb1da58f3be0e8753 5 0.5982813954982469
26 60b1bce776fb473ca073518fa46fd74b 6 0.5969925289431557
26 8e08f57d3094457d8e6acd33a2a246c4 7 0.5859705166037412
26 5fc01413019d439ab8188388595dc2ef 8 0.4857574386399286
27 2849817347204345a8156f731f3c4c7a 0 0.6696940948217499
27 b3672b6411414f5fb9a39cde7c24ac0f 1 0.6175951347172923
27 014a350e46564785ba380dbe9a77992c 2 0.6155512001208309
27 b9d4efb1bc334b069589bdfce55c7a2b 3 0.6099569791871701
27 dd0930147b0d447ea1beb841d98db2b0 4 0.6073722201532699
27 1afcc5f4565648baa3eb93f68333393b 5 0.6047850936304161
27 5aff36b447a7406eb9501a4d1e7ac84e 6 0.5859705166037412
27 e5757e74d8c545c9830f3ad2fdf19e6f 7 0.5366946775986929
27 54f396d61cb64461a4da07d0fb0a27c4 8 0.5082998975751615
27 e44a840d3247480fb96567a567f2d096 9 0.4449388197271319
28 f9d23eed451c43c382315a46aa074e36 0 0.655475207069286
28 236b7d636a5b44d0992866aa91313c85 1 0.6019783800155164
28 8ad79d79cc17419bb31511e12dd588ca 2 0.5859705166037412
28 c7874137696c49b1a2bcd48f6833e537 3 0.5859705166037412
28 84d908e727994d52a2ce882528fd273a 4 0.5859705166037412
28 1bd84ee8398040f9832f6d4f950d4e1d 5 0.5859705166037412
28 126327c05c614c359451cdfcf63e5f29 6 0.5351398050275127
28 63aa4e855ced4e6eac0971ebd142b5ac 7 0.4721151304121436
28 1075f50d51e0492c9bf5a09468d6e988 8 0.4699586622567287
28 1465055ea63d49f08bb2598a0787d3c7 9 0.45373865828089827
28 4e0a771d3d9147c6a6100be43c051d60 10 0.4277918554941939
28 70c3ba1a64714b9e8dbe40a7f36b7c9c 11 0.306302011679366
28 0653851827b94d14b4aa74141a76f251 12 0.2025101270191914
29 2849817347204345a8156f731f3c4c7a 0 0.6696938730924713
29 014a350e46564785ba380dbe9a77992c 1 0.6155511262110712
29 dd0930147b0d447ea1beb841d98db2b0 2 0.6073723310179092
29 1afcc5f4565648baa3eb93f68333393b 3 0.6047849827657769
29 54f396d61cb64461a4da07d0fb0a27c4 4 0.5077840444085813
29 45d1dbe7136c4649b94137d57d260ba9 5 0.4602281616671893
29 e44a840d3247480fb96567a567f2d096 6 0.4449387827722522
29 041d84ec484a4893a52470599e50e6a5 7 0.42030994614264583
29 8fc28715aed243698e84e91e69c080f4 8 0.41191074230668856
30 dd4b5228901a4b7e8f00c07ef05434c2 0 0.6078435901445196
30 1fecb4cc3b454f67a7c1b150d2c5ed2c 1 0.6075911664049594
30 eabd6a863f5e4333a1732c14d590f9ce 2 0.6050490932949255
30 95aea65e3dcf48ecaec207388c31b5ce 3 0.6017311221402425
30 ef362479962f4adfa2e9aa11ec7be92d 4 0.595464866469088
30 1333710ef65a4a12a3ab1984faadbf2d 5 0.5859705166037412
30 d692469b8ce34461b04818c86739dd12 6 0.5859705166037412
30 ebf1f70a710246fab6f8b1764780bb78 7 0.5859705166037412
30 a98edde6252d46efadd77fa648656c94 8 0.5859705166037412
30 e55d8387b456480f86f1c67b9a9c38a1 9 0.5859705166037412
30 73e1f1133d2d4018b41c14842fb5b7ee 10 0.5859705166037412
30 fcdf141b99384342934d68e7d50d564f 11 0.4109851847037099
30 4ab39b1479b544a0adedb08236195878 12 0.3724827179329379
30 0645540685544ee1985366a73811ecb2 13 0.30040765732245245
30 4000a9dc8605439c972a54c65577da57 14 0.29979745046617867
31 1fecb4cc3b454f67a7c1b150d2c5ed2c 0 0.6075911294500796
31 97b2fa1ff63848559c1d885831033b81 1 0.6040484144244859
31 88e7eaca31924dc98c8b2e374ed06398 2 0.6035597560366021
31 f82d2c69b35044cf85567c398e49c3bd 3 0.6029343775907607
31 95aea65e3dcf48ecaec207388c31b5ce 4 0.6017313069146414
31 a98edde6252d46efadd77fa648656c94 5 0.5859705166037412
31 a98edde6252d46efadd77fa648656c94 6 0.5859705166037412
31 ea02bda05fee48ae88be3d986d9104a1 7 0.5859705166037412
31 cccc6cbc8d4946c59a527fb60c4ab500 8 0.5710013871738727
31 affe3113af8548439be71a76d4b23d11 9 0.5263224623645738
31 b9a4668f98eb42788cdb6c66bee9507c 10 0.4261320405995138
31 c6e868713fef422d9ed0c78f20e423f3 11 0.30198593131519175
31 0645540685544ee1985366a73811ecb2 12 0.3004071835493455
32 ccbd63b6ba774a46af2b94c419985617 0 0.6097523840011846
32 bf757879d4e5405aa43f9d5286bc0b62 1 0.6075678795958988
32 abd76572647145c9b91653272cc3e2e1 2 0.6063650341765703
32 488b1f337b9f473e83921b105a2b2399 3 0.6063048351837773
32 ad84ca0dfd8447e39efc80fc45b6dd1a 4 0.6056304605550277
32 7d4ce70883c8489cbdf39fd969702653 5 0.6045535872942213
32 2c3490770bdf424fa800115e8d907e50 6 0.6026458821511506
32 7764c891369f432c845835d9dc1af8bb 7 0.6016383797495461
32 fc1c3981152e4f2dbbeab780f465c2d0 8 0.5859705166037412
32 718832065cfe4bd7b167ec33871183e0 9 0.5859705166037412
32 95e2ac7d389f4f76937a0e8ba4a324d8 10 0.37503879013408664
32 f909e3742fdd42d4a8af1a5407dca74b 11 0.3286326852708046
33 f6bdde7c51aa4aa8a3457a728c7ff871 0 0.605120212388513
33 b254ddce0d2646af9814efd8fd552e98 1 0.6032524087083193
33 0475a03b49044104b93d0947dd284b86 2 0.5859705166037412
33 95ecaede4dcd40f89ee55af6ebda553d 3 0.5859705166037412
33 9ead3ef777e0487e99fab75986d2301c 4 0.5859705166037412
33 f50d077d16264fb2a8b91ebdc31abc54 5 0.5859705166037412
33 4c873f5824034327a333ba3c959bfff7 6 0.5859705166037412
33 e589e6f34b2f4634b33e8328dff06abb 7 0.5843902095401722
33 cbe2d36af3c24841aa2a6c88b9654a38 8 0.5113319557066909
33 53738aa1b9c84b93ba79a58d3153fb4d 9 0.40966134027473666
33 23790095150b4cc682d0b0f8f3860c49 10 0.40299981162123194
34 951541e30d624826a046a14aa422f9d2 0 0.7911075219168789
34 abafe595469e47f692b4ad9099f3fa41 1 0.6321319763593932
34 755a2a19859a4d648d0e7e9387cbbdfb 2 0.6043075593634833
34 8c42a4d8076740a98f27da70873ccfb7 3 0.5859705166037412
34 9ec8d02e656841c2985ec5d8ec52b456 4 0.5859705166037412
34 7852c1f18ce34414bcb4883c6ca5603f 5 0.5859705166037412
34 320c87d276324f81b17c00771c35cc48 6 0.5859705166037412
34 426a7e67b1594623b65cfe4431c8265d 7 0.5616871395330967
34 c2cf9e8a6344412a9fc3c24136c68be7 8 0.5104052645887213
34 7f136f580067479da6ba58d2ab52357b 9 0.4926831689813664
34 6ab5ba5198244630b9a5076b82cf2b47 10 0.48187505103491785
35 3a4a167dec7f45e5a232bf308e9d82af 0 0.6079162982218498
35 8b7a9da26fb64480a8003fede84a555a 1 0.5859705166037412
35 adf1a1423f6e4114b4e67b68d6da84cc 2 0.5859705166037412
35 d0f3d5c0bd1a4555ab450f158a352332 3 0.5859705166037412
35 1ab44d8d8ed14866a202c7670ed7ee77 4 0.5859705166037412
35 5387377f744e4ea3ac241f05966afb33 5 0.5859705166037412
35 9cd7828542584e07aae6d9899ebe9694 6 0.49119836860531796
35 9668835ddb6648dab44690aa02ae838d 7 0.4862813053381847
35 d315baa3eac248549d5a3030bc91d8a3 8 0.41625202983616394
36 b539c46dcb1c42d9b86e0226670c0022 0 0.6069843155520016
36 4ebec1b212e8452e8aeb24ed51a6e8f6 1 0.6063500806681589
36 d4f28e4e9aea406aa230daaa29d3713b 2 0.5995485636748799
36 4a9156f6fd9b44f9b6eae578913a368c 3 0.5859705166037412
36 270ab4fb8a474ec3a5971934fb9e2a87 4 0.5859705166037412
36 30ac104c823a49729a873ea581aea6cf 5 0.5859705166037412
36 e559003c760f4557b5919c29f218802f 6 0.5665777115144854
36 e1e741baef994c0aae9fb89e22f2d97a 7 0.5650340074507104
36 750396d8c2964a3d902c416fd56f054f 8 0.5343479783258519
37 8f749853cd4c47d2a5b819c73d95c820 0 0.5531175885262264
37 c4fd6d7e92e44bacac174c09e60d1711 1 0.4748003540854684
37 a8820fd35ba245a68803ba7ecced7e5f 2 0.4712631169688501
37 8bb5a57904ab422e87bbb0ef3944829a 3 0.46679647445397404
37 0319e24752164c5e95e901d7a1c43ba9 4 0.4482996938486715
37 9d5f4572038d4855bc2e53f2b799b833 5 0.42440323887392967
37 ddbeed7e913647cb96f077ce75e3796c 6 0.40734167486487427
37 09e213e219e7412e8f26a734c8f483bb 7 0.28307423959726974
37 1fd53fea3b43427ebb2b1670866863e2 8 0.2640718402983406
37 f3b87d2ba44048acb0d9267fa2fb863e 9 0.12663986164899985
38 71ee8d8d120a488c8912078fc3eab417 0 0.6783417166085698
38 11577360a2654932aa23cf1fe34efeab 1 0.46596749878589955
38 86c6cedc76944966a4b5016b04f67917 2 0.45783344161890477
38 06152f5a394f4d989e59362329e09a66 3 0.42515341325888567
38 1ca183094f0a43d7a40240ad59a0c58c 4 0.4242509823815911
38 6d1c83d636fd4759be2daa289fd3dbb7 5 0.41930603054715987
38 cc0c8ce88a99469aaf3412197167427c 6 0.39560763117312636
38 3b69a1bc09f14d5793fbc6b257b88a80 7 0.38433826208582433
38 549e486f291047cf82227f99fee9312b 8 0.37867794805806065
38 95aeda4f27da4cbda402ec8961ffe00e 9 0.37476029841592545
39 5969c9c5e93a44b3b34b110251c4a68e 0 0.6853087810332827
39 ce6098c2ac8244369bf575f1201ceba1 1 0.4904097957949019
39 d34b8a6dcb864a87a7fc45695a6f01bf 2 0.4804726938657255
39 d0f3cff10ae3475797b73a349f0b5dee 3 0.47786141365860724
39 90b363d5084d478293afe372965f78ba 4 0.4735129303639811
39 ef955e413a894deca14e5487cef20cbe 5 0.4730986318475864
39 3745ee97cfea4b059461fa05a38f4437 6 0.4682878592210559
39 9d5f4572038d4855bc2e53f2b799b833 7 0.42440323887392967
39 cc86664c59e34bbdb30d68c8f1240e56 8 0.2531585348420151
39 467383bdbdff45ee9020be305c611183 9 0.19201669309811847
40 819b69923d304af585ebb427d07c7f0a 0 0.6670949943052096
40 66b2cb36fe6b442d897f2560209af690 1 0.5313821608989339
40 5c25be395c384a8695ccea046768d5aa 2 0.4866164122332522
40 8a943735cc1e44469f0cfe9de904843b 3 0.47401573602564356
40 5c0b93b3efbf427ebf16f2b137d9ad7b 4 0.468860399217443
40 4c637c85dbba4a0b845420ba4faed9eb 5 0.45905111291937883
40 7a6614373a124f619279e95761512cd9 6 0.4442488310266519
40 4b22227d68eb46f89d133b65ec0cea9c 7 0.44366793155250916
40 a03750158de84e34a0138abdd421ab1a 8 0.42476752240053367
40 8fe9563f5b934dffb2d7f9db8cb5196b 9 0.11806007325119675
41 4dd1ead696874a958274b3fc0822f280 0 0.6271208975168485
41 5857230b30954ff3a8833ea2b31480b2 1 0.5863855121824724
41 58ae98ccd0534461af58b6c8faa6ab0c 2 0.5859705166037412
41 7d8990896c4840d9a27d90d4e0474a0f 3 0.5149233351623819
41 deb29434a8494114915e72564de81994 4 0.5103422160327935
41 9e8866a8e5b544cda9fe36e7142d3d4b 5 0.4977780495593037
41 23f0b10126b04b408aa4e1010b21b404 6 0.4918750998620077
41 f9ac8fe27f0e49668519ba5bd9a47767 7 0.31861079833050243
41 b731c592954d4875b1bf93bdca76fef2 8 0.17684073329702635
42 047436e96e1a47e4988793380753ce3d 0 0.8389997424708419
42 815f651eb7b44180a1f6ee621ec4509b 1 0.7323432047677585
42 20896a09a9d1483d9df0d47047981457 2 0.657111571471352
42 9b416a567f5b4bb0bc2ce99cd2ab1e25 3 0.5859705166037412
42 3fcf27e780f147ae96e799b5e3832615 4 0.5859705166037412
42 0c9221d47a194f7aba14339a9f497730 5 0.5671966263357464
42 4b332a5dccbd48debf5c93bcf0443c22 6 0.5508116787006966
42 212ca3e7879b4ffe8af04b45b53ef2aa 7 0.41585650746826597
42 b1be6d7d958f42699cc95f9c5c0852a4 8 0.22222018663941034
42 ffda83e3ec854e9ea34fceeb71f589e9 9 0.18922161594129278
43 5dcb8ed90c7a4335916f28ee962d104f 0 0.701074700139076
43 494840a8a12f4e76965524f2849b261f 1 0.6121696581679872
43 02c82fe2db8746ac8e6789efac91e823 2 0.5859705166037412
43 52ec57f6624641fd9ead16f4b62e4da0 3 0.5676809508640934
43 fcd59f7b81324d678f3e284004811bb5 4 0.4896074015982692
43 0d64483758c84f1cbbbbf0ccd8a3ef00 5 0.44308102630414964
43 2bdd82c9ef8a49b5b9b3894853359a3a 6 0.37832833824312934
43 2ef76e6cec694dcd8b02b4f4ff5b480d 7 0.3747378733390275
44 26f38be0138f48b98b0910eb79a0e34a 0 0.7153406488051244
44 2614f6bb6d1844cb84067808e631b91a 1 0.6730477559016423
44 1eb4cd6706554d8085cfe34e8cef64f8 2 0.6474552556462316
44 3a667ab4ded14e8891d0180e2944a1bb 3 0.5859705166037412
44 c4c15163492242e89bb4bba822928802 4 0.5196431906271968
44 ecbc5a4b02b54a929842280c74180c05 5 0.4919565571934233
44 9d7ffdc69e89489ab50cf9b24387217c 6 0.4816345252864605
44 33702ecef97a4fd7862cf63be61a4406 7 0.47128663129693393
44 e1282eb1fb3f4705a0b5463e797c177b 8 0.3667254630916138
44 3884da64b6794ba7ae8dd89035938607 9 0.2873800989114858
45 6132ebd06c9f45a3b92228a222082361 0 0.704533801828068
45 1b529297882e4e749b4b7e42335246ec 1 0.6738866483632372
45 d80466c5023a41b58de42b46f35e6e92 2 0.6643263046628636
45 f5200421a6e14e1bb1a6bf1f0abf1f5e 3 0.5921629198097464
45 5d44aa7454724766bd38ccf91419e170 4 0.5479554907134802
45 b25b8332ef82488aa862db59c2dc50f8 5 0.5432592997844354
45 08fea7e6be704a599adcd22eef003c2b 6 0.48699515444334895
45 0495b593564a41bebb1dc971070413e4 7 0.4590889879390506
45 09aba95a2ce94f56a5b2ec8d287fbd04 8 0.4340826006517045
45 2574341e4b6644ba830a31d408b55211 9 0.3869440704721785
46 ae64d77ebaf74ee1839dc1557defa3a3 0 0.5859705166037412
46 08fea7e6be704a599adcd22eef003c2b 1 0.48819742486920514
46 66b3513c37994e80b4dac3581be840f7 2 0.468675876825349
46 d4a9eec474ad447194c64c3bd7f218a5 3 0.4489372186994422
46 7e8d821bbc8a407483051307c9037e56 4 0.3599623450820293
46 477a8ac644444875a39f2b3b13879f24 5 0.3229374043876155
47 c2a251b89e224009ac1765bf4dd1d395 0 0.5859705166037412
47 b74cea50415441e9a0de312979f64714 1 0.5375635482239954
47 7f9e418466894fb394957ca29cc2f0d7 2 0.5372367809263235
47 befbfc49ea1c4e9794482ef908566d2b 3 0.5205339223275435
47 0f0c8b2b0c464662875afbd6a6945c81 4 0.43917976415506776
47 ebd3597ac2154a699a434525f032b51e 5 0.43802856739398327
47 2c329613cb7e4698b0b69bb3d8327575 6 0.4131096688987758
47 1b7d25b2866543b7a5278a4d414b4a88 7 0.41084262718332343
47 a6801523cf40467797fe14329a4f2397 8 0.2816242898345421
47 0d462a4bd3f74cb28df5241e8ac6d72a 9 0.2753911688865128
48 a356038c97f0455580a7cdbb800b26ad 0 0.600150750813302
48 e04c90cf4abd41b4a6a129c7a0da43af 1 0.5975385234681367
48 333fdd2f08234b25a2a61b44470cad01 2 0.5859705166037412
48 1601a6f4ed7343ada868ebc84360d722 3 0.5516173604852287
48 e01b171eaca34e16a66bc6895c5d6d3f 4 0.5304088851745309
48 ef0ee3023329498f973ea21464d4f833 5 0.5148824056998771
48 b867111b6b784244834bc24f3ec14421 6 0.4656496007669891
48 0920284e908f48a29fe50aa264b0d7f1 7 0.43669229247478797
48 2d84cbf136d2452bb9b70949660fa4fc 8 0.2880090029873605
49 a83351487d224e6b99b0c6e83db91cdd 0 0.6079029912245448
49 5aa93609cc064d74a8831740b9e209bc 1 0.5875610960778627
49 db2c3a6083564168ba7e5ae615ecbd9d 2 0.5859705166037412
49 c2a251b89e224009ac1765bf4dd1d395 3 0.5859705166037412
49 23d4b59035e04edd9c4e649ce30acf7c 4 0.5506497189442768
49 e5265b6f31164f80ba5e2b361ae71c88 5 0.5070170099495854
49 90850885aea74c478be422704c81e3ea 6 0.42292731115925314
49 fd9ddb31d536480ab6e8481087b335d0 7 0.3709408780345708
49 a120974ecded43d7856d34dd49b79ffa 8 0.33210465772974573
49 0b76bb6aa4f645a2b828aca4cbe09e8d 9 0.2952120407940183
50 ba26c0fbeb6c4d409134193e36313586 0 0.6399340498980461
50 8b4586fcec414be1b77aaff0c3880394 1 0.6397400515541547
50 a356038c97f0455580a7cdbb800b26ad 2 0.6001397705946532
50 e04c90cf4abd41b4a6a129c7a0da43af 3 0.5975385234681367
50 a05a84e207d44f1396fac6b052504380 4 0.5628151102934394
50 264fdf7f359e4dd89e688877f11cfc9b 5 0.5280357504795379
50 ef0ee3023329498f973ea21464d4f833 6 0.5148763450995963
50 b867111b6b784244834bc24f3ec14421 7 0.4656569825042213
50 0920284e908f48a29fe50aa264b0d7f1 8 0.43669225422071317
50 2574341e4b6644ba830a31d408b55211 9 0.38697683097308644
